0.916878
0.250754
0.764158
0.800834
1.213210
0.110044
0.204152
0.731004
0.162709
0.403684
0.324467
0.495603
0.226895
0.360157
1.520676
1.239632
0.504905
0.631679
0.076344
0.466933
0.008217
0.139121
0.073804
0.815271
0.085204
0.256200
0.069511
0.057598
3.417493
0.123115
0.359676
0.913524
0.474200
0.175511
0.507438
0.371470
0.340197
1.801810
0.173021
0.737798
0.374060
0.734651
0.255603
1.110638
0.166559
0.217286
0.824413
1.256817
0.036154
1.491182
0.373269
0.044993
0.106729
0.544173
1.104696
0.214541
0.033161
0.010113
0.305970
0.032587
0.136088
1.763961
1.162457
0.951635
0.155077
0.388004
0.235167
0.714077
0.359269
0.550894
0.379223
0.020036
0.287804
1.342912
1.335448
0.638186
0.167242
0.670726
0.510796
0.218516
0.582154
0.090745
0.290003
1.060445
0.883634
0.200490
0.130013
1.119207
0.215669
0.580249
1.567132
0.444143
0.535456
0.978351
0.289516
1.288312
0.254112
0.843070
0.576352
1.209402
0.329364
0.121562
1.500396
1.263667
0.079885
1.064577
0.512329
0.282776
0.483261
0.164988
0.770895
0.183693
0.296229
0.128161
0.103840
0.161644
0.406465
0.269357
0.092928
1.186525
0.054445
0.067381
0.342038
0.714549
2.091642
1.366715
0.576711
0.241596
0.692689
0.229958
0.174184
0.132153
0.439122
0.140130
0.082667
0.658661
0.067037
0.788656
0.089624
0.683386
0.038727
1.498908
0.026980
0.368616
0.096920
0.137259
0.799244
0.659607
0.534377
1.711800
0.510074
0.713006
0.049071
0.072456
0.367203
0.040731
0.036235
0.114490
0.309410
0.856504
0.425859
0.704435
0.026668
0.085873
5.977316
0.114285
1.103436
0.067033
3.059421
0.027787
1.022191
0.037539
0.002085
1.282424
0.450568
0.099453
0.089044
0.248536
1.221077
0.856553
0.222437
0.402023
0.433072
0.301266
0.581395
0.052480
0.378372
0.707952
0.181415
2.428644
0.430157
1.050287
0.688785
0.495655
0.018032
0.688772
0.895595
1.297650
1.032854
0.889039
1.942061
0.680920
1.168414
2.055107
0.549627
0.343840
0.089544
0.886013
1.098882
0.040060
0.524493
0.142539
0.496424
0.130122
0.603021
0.190533
0.199327
0.131610
0.038527
0.501295
0.126580
0.526531
0.357375
1.778324
0.164281
0.394947
0.635178
0.060113
0.318841
0.448906
1.444050
0.299753
0.205001
0.940900
0.285034
0.001618
0.211516
0.456251
0.895610
0.133216
0.562698
0.329808
0.328828
0.181890
0.622549
0.100786
0.486196
0.020861
0.267204
0.595337
0.560332
0.507559
0.213178
0.102052
0.469659
0.493300
0.656019
0.199027
0.674381
0.112957
1.268612
0.577205
0.529403
0.148708
0.380115
0.045862
0.150888
1.049349
0.579380
0.049215
0.058984
0.224396
0.429826
0.449731
0.549141
0.170385
0.747535
0.170105
0.199972
0.105207
2.079064
0.001792
0.878364
0.201344
0.104251
0.286791
1.592684
1.256224
0.723811
0.600448
0.064567
0.578840
0.242118
0.744216
1.432802
1.240096
0.989951
0.113794
0.789107
0.397083
0.176404
1.176584
1.201993
1.035653
0.344721
0.429246
0.088820
0.160041
0.999683
0.339030
0.311496
0.945046
0.342567
0.171987
0.099482
0.576289
0.650151
0.074864
0.462047
0.339052
0.910492
0.644134
0.098134
0.125492
0.345101
0.064632
0.074388
0.223489
0.196378
1.343354
1.195624
0.486557
0.906474
0.852225
0.342663
0.203963
0.250708
0.537689
0.469374
0.149814
0.081984
0.037656
0.057060
0.520937
0.225963
0.170028
0.201274
0.047787
0.278721
1.362812
0.438019
0.154256
0.537565
0.717276
0.334156
0.085556
1.072947
0.491303
0.364610
0.116498
0.407726
0.277737
0.885799
0.250758
0.140073
0.197273
0.653483
0.508960
2.094700
0.206428
1.139240
0.073134
0.264485
0.002712
0.764579
0.744465
0.173842
0.060896
1.003225
0.638282
0.025206
0.298106
2.151316
0.615345
0.118420
0.321126
1.001912
0.049314
0.052435
0.241359
0.179598
0.535187
0.827990
0.070610
0.026441
0.027451
0.305982
0.759041
0.588952
0.292200
0.063412
0.445356
0.432128
0.377404
0.451990
0.224643
0.181408
1.097868
0.323690
0.093057
0.470457
0.373007
0.482380
0.453413
0.133062
0.885415
0.036334
0.052035
1.286723
0.092954
0.328633
0.127763
0.876566
0.171829
0.220955
1.053007
0.210989
0.843453
0.538151
0.018502
0.148845
0.753119
0.491702
0.904261
0.184198
0.124878
0.110336
0.473945
0.058117
0.561358
0.762232
0.635523
0.111792
0.256404
0.189649
0.284588
0.131330
0.243675
0.380548
0.084046
0.405288
0.007343
0.239191
0.240769
0.182215
0.668576
0.150853
0.524424
0.401834
1.260314
0.579159
0.829801
0.598413
0.186947
0.519072
0.003011
0.380670
0.928660
0.481752
0.514579
0.365440
0.256004
0.224829
0.634464
0.809483
0.566311
0.082954
0.016723
0.032835
0.578738
0.103891
0.482423
0.602489
0.419469
0.000563
0.002863
0.182094
0.151615
0.532639
0.974400
0.099934
0.208785
0.550318
1.056021
0.529655
0.187878
1.081473
0.103060
0.085477
0.350047
0.882921
0.562972
1.172590
0.106047
0.250868
0.612201
1.015989
0.396370
0.671540
1.347700
0.132712
1.305751
0.400860
1.354676
0.341012
0.402116
1.399501
0.803834
0.841377
0.451314
0.535305
2.680091
1.373279
0.196182
1.036966
0.444772
0.507739
0.712151
0.746765
0.792154
0.152438
0.463649
0.317972
0.091334
0.793570
1.001557
1.031868
0.545939
0.265925
0.473350
0.454284
0.518667
0.386698
0.080285
0.432587
0.016759
0.603506
0.365062
0.893712
0.361854
0.059757
0.336486
0.357031
0.024858
0.841950
0.242789
0.507581
0.300852
0.077732
0.266432
0.141867
0.261084
0.008805
0.632210
0.426331
0.838182
0.436954
0.295966
0.324433
2.665921
0.030259
0.038581
0.511891
0.454757
0.125902
0.124095
0.497455
1.285315
0.669588
0.310741
0.288627
0.950519
1.525224
1.487091
1.146744
0.728388
0.202910
0.384736
0.123677
0.324614
1.496073
0.313838
1.078454
1.709837
0.101527
0.306281
0.757573
0.727174
1.175791
0.148924
0.716929
1.655287
0.201618
0.257399
0.411383
0.404221
0.486651
0.105995
0.325006
0.223226
0.530485
1.241590
0.118299
0.466391
1.002848
0.058142
0.233848
0.110949
0.519964
0.449093
0.564361
0.453592
0.030332
0.411482
0.414618
0.138949
0.009546
0.210676
0.004557
1.286490
0.459932
0.736331
1.091056
1.353569
0.095014
0.297087
0.334443
0.792937
0.509451
1.686037
0.084408
0.173284
1.069402
0.227875
1.148457
0.688445
0.322946
0.159406
1.465352
0.065240
1.003761
0.488013
0.634107
1.292073
0.101711
0.165840
0.091460
0.113436
0.491917
0.096937
0.067720
0.129095
1.468021
0.006982
0.087668
0.063911
0.309807
0.522837
1.233851
0.053157
0.476253
0.036585
0.250228
0.343017
0.286869
0.173488
0.139902
1.217433
0.417545
0.105798
0.017667
0.282679
0.840745
0.699959
0.220326
3.099834
0.018159
0.370695
0.112164
0.542046
0.601632
0.198463
1.100662
0.520236
0.208882
0.025735
0.727718
0.813114
0.599846
0.572729
1.172679
0.187667
0.698129
0.176863
0.828712
0.104783
0.447155
0.027460
0.053489
0.085557
0.139955
0.073190
0.444725
0.029903
1.101611
1.454792
0.028826
1.296600
0.316544
0.148509
0.442167
0.092465
0.439239
0.323470
0.845186
1.302302
0.373825
0.436436
0.653553
0.127598
0.153379
0.501994
0.386285
0.008395
1.340593
0.213507
0.115156
0.369730
0.256235
0.183484
0.569567
0.518007
0.292899
0.156686
0.607325
0.202402
0.120733
0.711912
0.149278
0.575333
0.008155
0.932562
0.956663
0.459100
0.193919
0.551250
0.374150
0.941938
0.143981
0.148010
0.038028
0.361167
1.102787
0.472616
0.378611
0.861110
1.596566
0.667320
0.210766
0.223098
0.022454
0.012076
0.002545
0.333988
0.173281
0.615950
0.857806
0.354039
0.315059
0.040745
0.105968
0.330484
1.284454
0.022182
0.044094
0.140425
0.621279
0.472398
0.048728
1.629396
1.010470
0.090817
0.323082
0.707927
0.751425
0.003502
0.432101
0.666779
0.680756
1.279204
0.050687
0.774742
1.463432
0.053503
0.160720
0.136772
0.829689
0.049934
0.686650
0.162321
0.095157
1.388008
0.715357
0.050840
1.984524
0.933046
0.208926
0.589581
0.304876
0.284932
0.530700
0.195769
0.458761
0.069617
0.042379
0.237405
0.073645
0.539225
0.060778
1.062986
0.436675
0.118408
0.551801
0.376326
0.187233
1.434304
0.730952
0.065103
0.019508
0.361737
0.254830
0.118853
0.301333
0.087273
0.184263
0.284367
0.002725
0.524606
0.067464
0.309901
0.043970
0.757634
0.770732
0.577079
1.205233
1.009446
0.032362
0.024166
0.374409
0.097480
1.314613
0.058000
0.245508
0.453407
0.508621
0.602553
0.387627
0.260956
0.864184
0.430994
1.272653
0.125338
0.778526
0.234363
0.240543
0.051288
0.825024
0.244958
0.687731
1.360424
0.946138
0.890296
0.626637
0.504208
0.362978
0.489959
0.348981
0.432339
0.557128
0.014960
0.705182
0.457779
0.074831
0.077708
0.109014
0.751212
0.929852
0.664600
0.101686
0.549367
0.187703
0.055788
1.096564
0.053923
0.326749
0.157575
0.111399
0.169654
0.535951
1.468741
0.125461
0.353537
0.753582
1.377172
0.076645
0.174496
0.411636
0.517143
1.033416
0.132535
0.560423
0.496261
0.893549
0.838315
0.742066
0.014433
0.446296
0.480621
0.721462
0.744568
0.167240
0.039929
1.060168
0.094807
0.098608
0.222976
0.292633
0.237979
0.521384
0.053061
0.197049
1.017960
0.467737
0.055005
0.819405
0.692585
0.254393
0.228482
0.250635
0.158857
0.457701
0.035337
1.159096
0.282992
1.065290
0.561734
0.308697
0.318988
0.172961
0.127069
0.141229
0.429862
0.179173
0.067383
0.692035
0.327113
0.332635
0.106897
0.979023
0.071582
0.173484
0.102024
0.001416
1.155167
0.170367
0.826739
0.525613
0.581619
0.096436
0.022880
1.605905
0.745955
0.059935
0.987595
0.116128
2.574602
0.384059
0.551172
0.313525
0.881721
1.114313
0.622234
0.259822
0.107521
0.910036
0.084038
0.559890
0.195671
0.213239
0.380193
0.305544
0.511337
0.631316
0.308156
0.389505
0.002930
0.156455
0.106368
0.591057
0.293581
0.134829
0.529340
0.123689
0.214872
0.361135
0.277922
0.210432
0.025892
0.049535
0.828671
1.056034
2.157883
0.368300
0.167233
0.099309
0.222555
0.289009
0.961337
0.574582
0.771326
0.244123
0.075608
0.278046
0.054567
0.458652
1.716253
0.057836
1.016621
0.086775
0.811271
0.187847
0.251829
0.304119
0.380009
0.683262
1.753981
1.594094
0.046347
0.010361
0.027267
1.140819
1.148903
0.020264
0.271626
0.101548
0.124137
0.753419
0.487478
0.038245
0.309474
0.262951
0.308034
0.460434
0.902521
0.414285
0.112969
0.812851
0.558225
0.036997
1.642389
0.322335
0.242667
0.221767
1.335769
1.243560
0.054485
1.155795
1.042144
0.106455
1.271722
1.320273
0.046966
0.859977
1.727215
0.355451
0.002369
0.104280
0.169270
0.493783
0.151828
0.690511
0.018589
0.639748
0.215780
1.027974
0.167841
0.402305
0.562358
1.581595
0.489162
0.507788
0.283586
0.004303
2.765951
0.226064
1.297938
0.052283
0.153687
0.807285
0.171990
0.102915
0.654114
0.239592
0.003489
0.598824
1.101419
0.005875
1.087291
0.097218
0.509714
0.080220
1.297665
0.563034
1.020313
0.161402
0.396730
0.084329
0.881941
0.126143
0.059905
0.301362
0.985865
0.394592
0.309252
0.971846
1.201269
0.244425
1.563044
0.095662
0.103939
0.141957
0.223272
1.246841
0.494269
0.228736
0.477894
0.364274
0.238050
0.348412
0.592234
0.009081
0.525005
0.483095
0.591582
0.367108
1.128585
0.138150
0.562458
0.643632
0.312177
0.776130
0.097191
0.196652
0.203245
0.507926
0.100448
0.139545
0.012441
0.074316
0.270353
0.119299
0.243296
0.752151
0.069438
0.006624
0.078295
0.683549
0.378099
0.370901
0.141838
0.127216
0.390163
1.136782
0.929312
0.134224
0.269933
0.672512
0.323944
0.048527
0.311290
1.417172
1.063162
0.510962
0.154909
0.120871
0.162868
0.297487
0.306492
0.180184
0.441593
1.043463
0.361647
1.784539
0.530311
0.517132
2.099174
0.801494
0.246875
0.362352
0.194637
0.506203
0.673874
0.998265
0.381476
0.438881
0.052474
1.506798
0.195600
0.429576
0.022174
0.773694
0.364618
1.289196
0.278693
0.766568
0.074740
0.610899
0.132351
0.454550
0.003956
0.854910
0.320321
0.369835
0.782519
0.067798
0.091506
0.747830
1.298552
0.406989
0.172254
0.142484
0.107565
0.016058
0.059480
0.649647
0.478419
0.118993
0.566852
1.403791
0.776210
0.639240
0.648860
0.182633
0.518727
0.083702
0.047227
0.767372
0.981065
0.194817
0.240312
1.009913
0.076457
0.964299
0.247189
1.349418
1.993731
0.407422
0.616556
1.187386
0.060632
0.000023
0.084166
0.183914
0.016083
0.155362
0.017834
0.521420
0.325877
0.624485
0.442392
0.155396
0.285235
0.188470
0.425628
0.041900
0.315729
0.544210
1.000770
0.198470
2.132436
0.141497
0.108424
0.068335
0.053305
0.439736
0.031182
0.043093
0.076744
0.732830
2.280161
0.148186
0.732932
0.078016
0.415345
0.806659
0.265133
0.457260
0.297396
1.105552
0.187340
0.018083
0.085723
0.687639
0.215055
0.655921
0.879011
0.851180
0.250378
0.589620
0.078545
0.238917
1.398140
0.208001
0.354249
0.020456
1.297261
0.419753
0.065433
0.035001
0.205604
0.059507
0.195852
0.056177
0.148310
1.096185
1.187828
0.551648
0.334363
0.219538
0.408953
0.805043
0.247877
0.629742
0.396329
0.674404
0.296087
0.234981
0.408446
0.918810
0.034923
0.607973
0.124666
0.003223
0.022442
0.651520
0.023815
1.740279
0.175753
0.092669
0.018756
0.501909
0.165213
0.223858
0.673141
0.386155
0.143349
0.520418
0.115512
0.667612
0.001106
0.723925
0.385047
0.249693
0.328045
0.044082
0.071674
1.315546
0.307505
0.588415
0.732245
0.374147
0.251525
2.277372
0.380984
0.289202
0.632531
0.433471
0.262477
0.007126
0.691036
0.294605
0.521597
0.015397
0.820332
0.245076
0.420104
0.028502
0.017455
0.745071
0.785858
0.018600
0.387812
0.199748
0.280720
0.010463
0.266989
0.414095
1.485112
1.032164
0.147123
0.632060
0.255349
0.525229
0.613783
1.352848
0.046842
0.276496
0.359685
0.344425
0.288949
0.151827
1.433067
0.045289
0.172802
0.691610
0.321287
0.985157
0.816457
0.355014
0.504266
0.454350
0.393603
0.096083
1.303834
1.834513
0.108791
0.207777
0.385727
0.077886
0.119841
0.786471
0.989377
0.474724
0.292405
0.420538
0.395073
0.379877
2.520113
0.030493
0.015263
0.283215
0.193601
1.808681
0.365994
0.474994
0.640745
2.488870
0.321076
0.374348
0.348056
0.057754
0.066177
0.023737
0.166980
0.025785
0.010542
0.326440
0.247385
0.408815
0.488686
0.462428
0.216231
0.332241
0.121965
0.789645
0.027869
0.719170
0.197334
0.024460
0.862542
0.220154
0.327149
0.077094
0.199723
3.591874
0.705586
0.026534
2.436627
0.130672
0.432208
0.340443
0.207054
0.606460
0.388478
0.487739
0.699052
0.411697
0.054039
0.077289
0.063680
0.647577
0.686463
0.318075
0.118878
1.649665
0.153638
0.154499
0.646896
0.446592
0.188118
0.396609
1.466955
0.789341
0.586401
0.161565
0.787505
0.295877
0.198603
0.769364
0.564477
1.184937
0.163681
0.007912
0.469753
0.855663
0.509005
0.224798
0.239368
0.675715
0.351941
0.346592
0.314874
0.145159
1.764958
0.567968
0.121078
0.134100
1.447462
1.413730
0.874047
0.149376
0.335155
0.740755
0.026706
0.098587
0.025029
0.932181
0.491210
0.236308
0.497601
0.179929
0.166436
1.201361
0.191307
1.114286
0.652639
1.568775
0.146805
0.057895
0.598236
0.713082
0.469979
0.090171
0.005907
0.433808
0.928609
0.128616
0.844494
0.776979
0.091750
0.512479
0.023990
0.533700
0.267127
0.052046
0.901057
0.310618
1.439976
0.308692
0.914266
0.426909
0.719576
0.065333
0.330575
0.042123
0.007459
0.119538
0.019062
0.156835
0.194291
0.664291
0.014720
1.339279
1.152106
0.020805
0.358092
0.681399
0.155692
0.197767
0.380335
0.285656
1.718953
0.433148
0.047878
0.240441
0.567148
1.304313
0.930497
0.486714
0.244704
0.575742
0.109344
0.081190
0.820779
0.569983
0.131122
0.860545
1.116600
0.156045
0.047358
0.120907
0.001618
0.063564
0.078991
1.168555
0.087257
0.535774
0.521281
0.279048
2.073925
0.099284
0.993587
1.519004
0.712705
1.542086
0.203107
0.288075
1.062623
0.098198
0.031021
0.155719
0.990783
0.148249
0.270204
0.552016
1.380358
0.522299
0.336278
0.884711
1.239962
0.433709
0.022690
1.259634
0.600895
0.105670
0.865450
0.981199
0.942014
0.317746
0.169264
0.892565
0.525513
0.081318
0.766921
0.263826
0.055092
0.062853
0.941783
2.097438
0.175801
1.193574
0.145534
0.086336
0.089977
0.554368
0.877393
0.053484
0.191503
0.190376
1.336928
0.133575
1.134664
1.852105
0.083572
0.453124
0.090690
1.881755
0.303890
0.007001
0.296310
0.678606
0.935823
0.051318
1.116163
0.497700
0.354186
2.913378
0.690257
0.219646
2.008130
0.023017
0.153002
0.133622
0.113813
0.279578
1.174516
0.015556
0.377250
0.125983
0.213309
0.308805
0.305480
0.139794
0.286482
0.472208
0.915878
0.460690
0.443234
0.174998
0.478472
0.017821
0.019335
0.310009
0.071103
1.334319
0.048525
0.510982
1.313506
0.919551
2.715409
1.202229
1.085914
0.150037
0.077859
0.046941
0.581648
0.024983
0.064055
0.122503
0.158362
0.315114
0.566707
0.652152
0.621416
0.060641
0.207555
0.400703
0.629825
1.312934
0.937391
0.201870
1.643536
1.079430
0.790540
0.050018
0.844232
1.089018
0.664592
0.679150
0.650566
0.656387
0.528622
0.475709
2.310881
0.796753
0.607713
0.566152
0.933867
0.867668
1.126943
0.062212
0.172083
0.425576
0.934211
0.001313
0.581246
0.102507
0.403634
0.258372
0.059948
0.255860
0.665378
0.039319
0.167792
0.377479
0.093659
0.052834
0.269532
1.182903
0.926325
0.078024
0.506751
0.342359
0.710007
0.493381
0.173048
0.309675
0.181870
0.074298
0.167991
0.111533
0.147237
0.429663
0.741437
0.053075
0.432770
0.308380
0.168488
0.071416
0.996999
0.254632
0.381395
0.457612
0.321881
0.853845
0.069368
0.518533
1.256606
0.395103
0.401071
0.718103
0.586771
0.104551
0.149162
0.298029
0.846153
0.399803
1.208023
0.064391
0.583300
0.109134
0.193399
1.438107
0.740619
0.049241
0.022688
0.216793
0.403827
0.200564
0.331716
0.270597
0.653739
0.009365
0.008838
0.114195
0.907837
0.079534
0.947535
0.705835
0.590960
0.256518
0.365358
0.242288
0.445814
0.748890
0.895065
0.260368
0.197907
0.680875
0.374067
0.007782
1.405694
0.940372
1.598266
0.623305
1.417751
0.001732
0.033252
0.342003
0.203153
0.398433
1.222969
0.032746
0.419453
1.335919
0.155700
0.259671
0.040571
0.062368
0.087983
0.737558
0.365524
0.569387
0.084380
0.057485
0.304552
2.226251
0.361314
0.763999
0.658642
0.021076
0.800919
0.557397
1.098209
0.708522
0.242692
0.886303
0.715706
0.297902
0.196905
0.049868
3.144089
0.136478
0.086175
0.417308
0.093013
0.277471
1.771048
0.142300
0.391716
0.071012
0.009557
0.031875
0.836158
0.095715
0.093387
0.156227
0.088710
0.577422
0.026374
1.125522
0.647622
0.948080
0.418195
0.477215
0.467516
1.510699
0.294464
0.229793
0.255536
0.736137
0.311231
0.253990
0.004758
0.486026
1.665580
0.098749
0.024379
1.368965
0.278351
0.446718
0.035048
0.295148
0.528515
1.059651
0.483869
0.865469
0.080223
0.763079
0.354409
0.111333
0.565581
0.133250
0.025369
0.139903
0.944947
0.534866
0.108666
0.174063
0.012841
0.452532
0.033384
0.335432
2.539504
0.038472
0.058507
1.585308
0.146030
0.085997
1.118952
0.569998
0.690690
1.622278
0.067347
0.256482
0.919107
0.685357
0.126907
2.261077
0.376136
0.658269
0.104591
0.115366
1.688969
0.136052
0.299025
0.843145
1.127491
0.518457
0.057585
1.265870
0.137835
0.095201
0.263150
0.133751
0.142131
0.366609
0.107051
0.347281
0.566066
0.044991
0.099766
0.277932
0.024105
0.183292
0.879274
1.094470
0.027216
0.026631
1.048188
0.435757
0.765793
0.034059
0.774946
0.692527
0.181257
0.135803
0.415612
0.111072
1.074070
0.559310
0.063735
0.066329
0.937491
0.376334
0.222322
0.049398
0.024874
0.401125
0.451662
0.647654
0.507687
0.747308
0.082797
0.577272
0.043088
1.963950
0.425208
0.072828
0.016357
0.298793
0.631555
0.846386
0.362538
0.351554
0.416988
0.856810
0.678954
0.069726
0.009585
0.491885
0.813380
0.074637
0.693822
0.525020
0.550647
0.057865
0.681581
0.629551
0.540827
0.206947
0.291947
0.177409
0.060854
0.451795
2.052106
0.109801
0.428072
0.406258
0.202262
0.467465
0.003070
0.025611
0.275284
0.368899
0.404716
2.257614
0.208988
0.176691
0.063476
0.223621
1.287142
1.279762
0.345852
0.560627
0.425175
0.091263
0.764883
0.190545
1.072484
0.293835
0.533285
0.196674
0.679491
0.735723
1.263451
0.648363
1.714310
0.341892
0.166224
0.178534
0.054173
0.170511
0.215551
0.373339
0.832452
1.177447
0.361927
0.082681
0.113317
0.503031
0.359770
0.067669
0.407095
0.006189
0.806492
0.069480
0.098700
0.438681
0.295857
0.032038
0.014457
0.054035
0.244918
0.738280
1.031159
0.183627
0.344730
0.917572
0.811421
0.759313
0.075809
1.178765
0.036255
0.337547
0.282296
1.063203
0.252081
1.464294
0.016855
0.456617
0.434789
0.395018
0.646136
0.074177
0.408758
0.373339
0.155722
0.668964
0.058370
0.626289
0.803915
0.074647
0.848227
0.103482
1.205428
0.584799
0.340923
0.262474
0.377424
0.176185
0.104991
0.555244
0.113028
0.150110
0.088066
0.502197
0.075458
0.407636
0.434061
0.095113
0.084953
0.087851
0.635412
1.066889
0.177629
0.162777
0.261848
0.418068
0.007803
0.364756
0.164843
0.844139
0.534342
0.051304
0.001058
0.418279
0.773295
0.343016
1.848763
0.190590
0.788510
0.089932
2.192900
2.728860
0.275791
0.080695
0.496411
0.415104
0.612976
0.117691
0.668314
0.993080
0.231704
0.305019
0.682050
0.554137
0.663151
0.082474
0.134914
0.693201
0.554208
0.364222
0.416422
0.197602
0.477073
0.418858
1.118674
0.256987
0.032927
1.014276
0.634400
0.972956
0.016825
0.612731
0.958252
0.305371
0.966957
0.329228
0.010660
0.412701
0.588961
0.710161
0.276449
0.032508
0.121057
0.092628
0.659913
1.493645
0.193693
1.741873
0.601325
2.360279
0.333397
0.153801
0.191031
0.053518
0.892179
0.118372
0.349979
1.130854
0.041300
0.125659
0.699124
0.059601
1.319749
0.465512
0.421315
0.766289
0.046168
0.446431
0.212295
0.757707
0.214532
0.736323
0.926487
0.414959
1.404970
0.429067
0.360250
0.151204
0.394120
0.119823
0.145211
0.016264
0.324935
0.421521
0.071653
0.185518
0.757989
0.506546
0.115216
0.981941
0.979958
1.594414
1.788822
0.774955
0.415780
0.389878
0.424029
0.528972
0.070782
1.248797
0.283798
0.327811
0.583017
0.161719
0.022915
0.494687
0.956596
0.408547
1.099806
0.253539
0.737849
0.076113
0.280841
0.143353
0.620330
0.414212
0.409637
0.337864
0.111677
0.724208
0.216085
0.030564
0.643384
0.195012
0.938758
0.170168
0.999177
0.271317
1.417651
2.819223
0.205115
0.234533
0.324396
0.012609
0.525993
0.369196
0.529349
0.349732
0.041911
0.390712
1.155789
0.954550
0.575142
0.200722
0.053266
0.250652
1.121731
0.539850
1.083476
0.049401
0.277006
0.134839
0.083249
0.080788
0.409735
0.000203
0.287830
0.275630
0.271666
0.238185
0.272552
0.704665
0.699952
1.139146
0.758417
0.258871
0.272070
0.284305
1.189106
0.346639
1.863478
0.825597
0.216818
0.538504
0.074729
0.301566
0.027570
0.016641
0.060072
1.399435
0.067802
0.386710
0.096487
0.164382
0.582002
0.663694
0.164664
0.067013
0.086348
0.601626
0.350992
0.432354
0.303922
0.149054
0.323481
0.134641
0.542228
1.131806
0.553966
0.421053
0.252166
0.518796
0.236907
0.689048
0.181979
0.363045
0.112101
0.222150
0.398075
0.188478
0.176803
0.563121
0.957378
0.320604
1.561078
0.388687
0.116708
0.134941
0.548041
0.228471
1.376902
0.093298
1.455771
0.248619
0.279308
0.274069
0.494247
0.047108
0.191363
0.176642
0.538100
0.626041
1.435122
0.018586
0.309979
0.142772
0.402254
0.543659
0.467129
0.053587
1.884713
1.176787
0.751145
0.884677
0.237661
0.660849
0.230975
0.441538
1.750772
0.018211
1.531727
1.183103
0.115329
1.145734
0.176879
0.502545
0.193462
1.300621
0.643499
0.509241
0.126441
0.241454
0.217665
0.091214
0.271935
0.843650
0.268200
1.791252
0.324912
0.011262
0.038345
0.303298
1.310321
0.952589
0.167285
0.182324
0.439163
0.531091
1.113047
0.404135
0.585699
0.933213
0.308589
1.131949
0.681693
0.710424
0.377558
0.033638
0.576497
0.146478
0.608564
1.191627
0.506619
0.029275
0.038714
0.029059
1.027280
0.336335
0.014537
0.215171
0.358647
0.054059
0.816122
0.289171
1.536118
0.046531
0.682721
0.386317
0.679657
0.506377
0.048573
0.283901
0.328994
0.402723
0.199706
0.128295
0.186694
0.980664
0.172216
2.749835
0.060109
2.679924
1.169946
0.693612
0.026789
1.912174
0.821738
1.288631
0.315390
0.901960
0.159917
1.949849
1.388912
0.040736
0.271437
1.110544
0.091424
0.089358
0.280808
1.205460
0.805819
0.369375
0.210414
0.166024
0.039198
0.558565
0.355514
0.244698
0.379762
0.805317
0.241375
0.518361
0.793685
0.168841
0.251773
0.940967
0.153769
0.113018
0.738598
0.659445
0.019193
0.023260
0.622953
1.854218
0.066021
0.070347
1.008677
0.171808
0.174709
0.175991
0.112239
0.050099
0.854619
0.393250
0.237317
1.124036
0.122532
1.089075
0.165226
0.692062
0.580757
0.545793
0.251133
0.329397
1.506882
0.781417
0.200411
0.121442
2.464647
0.053767
1.480240
0.015449
0.079737
0.540179
0.002964
0.158111
0.784556
1.031404
0.412656
0.045330
0.092930
0.719781
0.100454
2.237355
0.183747
0.410377
1.072807
0.372092
0.295882
0.089805
0.160334
0.071726
0.882231
0.553086
0.478768
0.756189
0.307756
1.463037
2.675080
0.301109
0.024777
1.436390
0.329692
0.108925
0.463151
0.335439
0.314481
0.251887
0.224429
0.014589
0.329301
0.378847
0.784449
0.545974
0.366839
0.052268
0.127019
0.257805
0.489264
0.555829
0.418820
1.143707
0.816416
0.252082
0.419258
0.273043
0.096553
0.013831
0.228785
0.093681
0.326663
0.268522
0.060697
1.641942
0.472447
0.633456
0.300063
0.040678
0.060550
0.838061
0.056524
0.453765
0.210916
1.144425
0.151173
0.997609
3.076895
0.332043
0.155223
0.486444
0.084946
0.898333
0.367487
1.620413
0.130773
0.046129
0.240355
0.260222
0.061318
0.690824
0.429720
0.452059
0.089780
0.587072
0.407792
0.747254
0.263153
0.004458
0.961308
0.370404
0.862365
1.617855
0.063776
0.090722
0.980508
0.239559
0.015204
0.973013
1.004684
0.176078
0.326166
0.011210
0.070194
3.981209
2.038417
0.224018
0.045938
0.226825
0.728063
0.113573
0.060254
0.210389
0.800480
0.162791
0.017493
0.219963
0.027510
0.293131
0.226903
1.189245
1.703634
0.103249
1.012391
0.045302
0.217323
0.649622
0.314889
0.241003
0.439042
0.202645
0.568604
0.032852
0.219553
0.831067
0.032666
0.206567
0.094000
0.081863
0.607215
1.392310
0.218649
0.848182
0.165442
0.082743
0.049658
0.189965
0.355080
0.080130
0.712909
1.032681
0.028490
0.648331
0.030831
1.284343
0.838796
0.265775
0.525806
0.164576
0.791795
0.133971
0.475549
0.321274
0.177366
1.738022
0.167258
0.224616
0.183721
0.304128
0.359649
0.005337
0.250395
1.009180
0.878008
0.562981
0.009920
1.274317
2.398813
0.375472
0.036225
0.696034
0.256503
0.066923
0.325040
0.309118
0.024931
0.172072
1.033410
0.600763
0.423895
0.551574
1.361420
0.102482
0.076707
0.132602
0.083851
0.278034
0.451727
0.309846
1.069562
0.056998
0.319810
0.161614
1.841748
0.178177
1.516716
2.602375
0.125249
1.437648
0.369688
0.172285
0.593787
1.287818
0.269570
0.094997
0.243067
0.313108
0.312005
0.149482
0.089955
0.018253
1.305837
0.052106
0.124982
0.035648
0.201671
0.235453
0.341950
1.306932
0.908397
0.237083
0.017548
0.185504
0.530351
0.004698
0.470466
0.465242
0.001935
0.889884
0.398407
0.373749
0.065509
0.140040
0.299232
0.387774
0.270052
0.901954
0.002475
1.066510
0.049225
0.092919
1.246683
0.010279
0.156369
0.074563
0.046695
0.458740
0.360880
0.439155
0.374567
0.216591
1.636563
0.412439
0.541642
0.478425
0.423224
0.158215
0.125216
0.427746
0.054114
0.736523
0.053446
0.127688
0.007583
0.401170
0.723923
0.283137
0.244750
0.734538
0.188355
0.327758
1.402175
0.131497
0.347748
0.116605
0.230853
0.446207
0.826402
1.076634
0.096095
0.204520
0.134236
0.073648
1.138576
1.136374
0.698903
0.316015
0.092097
1.832537
0.022193
0.157905
0.683582
0.078205
0.342766
0.714022
0.596208
0.151297
0.106960
0.043640
0.015726
0.353087
0.415522
1.760284
0.669180
0.033914
0.098269
0.056874
0.533431
2.168242
2.378765
0.888230
0.194769
0.128652
1.716746
0.124265
0.066102
0.637533
0.583246
0.172700
0.593697
0.658304
0.413757
0.290049
1.046762
0.030429
0.111809
0.425791
0.192938
0.249585
0.534780
0.216245
1.148483
0.125030
0.193955
0.506898
0.169015
0.346529
0.682615
1.430069
0.333616
0.666076
0.742512
0.829060
1.647850
0.675906
0.015001
0.045398
0.309778
0.633100
0.238098
0.085276
0.298970
1.421284
0.454357
0.197860
0.000384
0.798106
1.151618
0.193503
0.105547
0.406986
0.557404
0.047012
0.752880
2.521635
0.648959
0.033592
0.340119
0.318931
0.003873
1.965510
0.116389
0.759842
0.780037
0.093543
0.369541
0.855836
0.148815
2.075902
0.385593
0.505688
0.076031
2.194716
0.431382
0.669750
0.188728
0.432293
0.383247
0.120693
1.149729
0.646699
0.737819
0.423975
0.844788
0.398719
0.416498
0.390773
0.476601
0.030278
0.006989
0.486710
0.019961
0.125226
0.258280
0.883088
0.248938
1.301024
0.522703
0.524344
1.204764
0.102889
0.168355
0.026283
0.095326
0.997149
0.778496
0.334692
0.292294
0.196219
0.606065
0.209542
0.025781
0.321041
1.227052
1.003678
0.011800
0.326305
0.262090
0.507805
0.386175
0.273953
0.150573
0.430439
0.515558
0.544520
0.260626
0.018109
0.444994
0.028113
0.577866
0.346055
0.137654
1.771230
0.400020
0.267423
0.900750
0.207697
1.162500
0.162598
0.546084
0.463997
0.483746
0.627222
0.040854
0.381812
0.434253
0.053671
0.006715
2.227582
0.672769
0.400828
0.264004
3.951659
0.068841
0.027552
0.543972
0.382695
0.046707
0.145464
0.445217
0.744401
0.696985
0.886519
0.684060
0.180199
0.140138
0.434184
0.514339
0.079288
0.975886
0.183386
0.695744
0.324989
0.011020
0.885254
0.006020
0.460929
1.340717
0.012817
0.446534
0.556055
0.429865
0.000412
0.555493
0.610979
0.027988
0.203126
0.137347
0.077521
0.441292
0.885147
1.250387
0.206395
0.539259
0.544421
0.511938
1.173403
0.139697
0.166564
0.026156
0.053645
0.446231
0.810406
0.433368
0.473571
0.499857
0.447811
0.120636
0.414541
0.479802
0.817314
0.133734
0.107637
0.819432
1.179323
1.146448
0.983903
0.136764
0.074959
0.001933
0.873192
1.735893
1.274478
0.089441
0.495560
0.440016
0.816343
0.380890
0.883011
0.046012
0.438694
1.334824
0.567023
0.244201
0.357085
0.171543
0.009290
0.053820
0.351393
0.436089
0.634707
0.185366
0.848167
1.219103
0.061406
0.640242
0.834883
1.860856
1.627332
1.507255
1.947725
0.773238
1.262044
1.158863
1.505915
0.397821
0.333480
0.704054
0.042710
0.189695
0.926748
0.548315
0.141476
0.368636
0.026911
0.707031
0.835672
0.036720
0.979124
0.190485
0.528881
0.431255
0.492516
0.316886
0.337242
0.677675
0.106294
0.179976
0.632837
0.082978
0.145992
0.598030
1.406036
0.095029
0.457045
1.106912
0.639702
0.044881
0.519388
0.813980
0.256726
0.336108
0.317133
0.522087
0.005534
0.369151
0.259483
0.865838
0.449328
0.153099
0.075303
0.140950
0.921496
0.727044
0.627747
0.201912
0.355177
1.185300
0.503282
0.128402
0.030668
1.093503
1.289150
3.719398
0.031383
0.370346
1.104229
0.763084
0.469611
0.384197
0.441311
0.005349
0.013001
0.028803
0.537437
0.018682
0.431439
0.032816
0.981937
0.093730
0.198215
3.800850
0.269431
0.092526
0.725976
0.070582
0.347753
0.160390
0.019489
0.072921
0.347472
0.051416
0.011866
0.276688
0.051090
0.044027
1.480289
2.181630
1.008411
0.407408
0.370650
0.301860
0.419573
0.398336
0.355864
0.128467
0.440759
0.045651
0.171318
0.294874
0.149335
0.480365
0.294423
0.561634
0.771652
0.118444
0.821079
0.169490
0.332122
0.931092
0.275138
2.142820
1.427012
0.295894
0.264860
0.020162
0.378525
0.222707
0.013575
0.253644
1.242776
0.399576
0.952240
0.331446
0.052382
0.223382
0.621048
0.578083
0.296708
0.000663
0.070115
0.611679
0.482100
0.428864
0.239457
0.259629
0.772752
0.103501
0.589709
0.158819
0.016081
0.061509
0.149451
1.825549
0.413241
0.553723
0.006826
0.049008
0.014735
0.020590
0.337890
1.457168
0.446571
0.209534
0.281412
0.585746
0.606414
0.076356
0.235326
0.081382
0.077129
0.352860
0.968860
0.717031
0.042846
0.134929
0.091180
1.015966
0.275386
0.980355
0.076023
0.303617
1.844305
0.254929
0.280342
0.385454
0.035758
0.292362
0.498172
0.051602
0.329937
0.065062
0.022403
0.038287
0.312140
0.321435
0.721563
0.091360
0.478350
0.074956
0.190781
0.711045
0.518472
0.095081
0.367455
0.650216
0.263551
0.581017
0.453794
0.895425
0.395262
0.668857
0.170068
0.368430
0.073656
0.632053
0.030296
0.115331
0.087325
0.584892
0.181239
0.515474
0.834540
0.213754
0.631238
0.161435
0.863229
0.327790
0.292533
0.288063
0.483891
0.713844
0.109525
0.154309
1.353858
0.631455
2.489920
0.210034
0.259027
0.445347
0.096901
1.505053
0.198142
0.312282
0.319424
0.311959
0.100455
0.378462
0.554561
0.209474
0.124525
1.828731
2.120035
0.016281
0.194355
0.606407
0.184064
0.077834
0.101364
0.694954
0.436238
0.813737
0.357736
0.754350
0.035809
0.293808
0.342563
0.032130
0.774047
1.152764
0.527586
1.655586
0.951929
1.932850
0.279336
0.195121
0.292784
0.470863
0.962071
0.060160
1.521491
0.038688
0.045819
1.389512
0.056302
0.263507
0.511579
0.267616
0.403484
0.868753
0.090382
0.073019
0.493915
0.564134
1.230660
0.596566
0.064347
0.264368
0.711414
1.193548
0.186217
0.264525
1.026421
0.088340
0.247056
0.178097
0.331851
0.895177
1.202354
0.207044
1.463677
0.990308
0.266805
0.017309
0.804511
0.366997
0.293189
0.290319
1.362688
2.986121
0.153602
0.052595
0.071546
1.113349
0.748622
0.024597
0.444394
1.136565
0.306849
0.213713
0.817672
0.733967
0.710755
0.564657
1.340832
0.080401
1.873416
0.269449
1.998722
1.086287
0.704612
1.316232
0.689424
0.092673
1.636735
0.397090
0.584293
0.260258
2.232985
0.488648
0.258118
0.145849
0.642807
0.384543
0.078398
0.346347
0.439218
0.662069
0.252740
0.022092
0.042661
0.112760
0.837846
0.917647
1.054512
0.682017
2.253669
0.965687
0.087761
1.763545
0.675786
1.242345
1.144877
0.335985
0.044870
0.986043
0.019031
0.745883
0.155046
0.013097
0.254329
0.554115
0.163460
0.065178
0.115601
0.275808
0.486418
0.782684
0.085958
0.009476
0.898521
0.137042
0.124662
0.520690
0.041781
0.052301
0.248301
0.035822
1.543569
0.401913
0.020280
0.594599
0.316530
1.394003
0.102181
0.404690
0.802947
0.125630
0.200158
0.034091
0.142531
0.652061
0.665462
0.374216
0.951254
1.425283
1.506677
0.320084
0.660586
0.057606
0.338215
0.418958
0.214281
0.622820
0.120668
0.279938
0.834488
0.465483
0.344436
0.726062
0.086115
0.385669
0.309449
0.493423
0.323191
0.519647
0.100517
0.161034
1.014280
0.358728
0.208714
0.061937
0.137611
0.040079
0.515570
0.047927
0.009702
0.451038
0.415285
0.697960
0.607173
0.028693
0.192672
0.026516
0.730538
0.382006
0.327320
0.433243
0.075431
1.913598
0.211943
0.177087
0.362665
0.822437
1.298459
2.407756
0.301890
0.056928
0.155474
0.194108
0.483293
0.468898
0.288342
0.983833
0.578448
0.042584
1.514335
0.609978
0.563375
0.362648
0.305462
0.238221
0.423836
0.750147
0.281640
0.207456
0.186360
1.209745
1.257738
0.299988
1.100296
0.153722
0.691993
0.259679
0.037168
0.561841
0.252914
0.372113
0.762853
0.545684
0.937458
0.257211
0.159245
0.167648
0.152157
1.588542
0.228260
0.120393
0.543910
0.021679
0.654315
0.064031
0.273608
0.179338
1.137175
0.955622
0.512218
0.116772
0.720136
0.410691
0.538600
0.528350
0.871065
0.262864
0.029608
1.134056
0.043757
0.303018
0.273564
1.006178
0.063198
0.156003
0.156315
0.248369
0.402483
0.378417
0.215223
1.259206
0.682935
0.006457
1.633025
0.321847
0.071376
0.241674
0.748166
0.015316
0.134194
0.269828
0.136196
3.259599
1.891100
1.140888
0.526233
0.809947
0.183198
0.616222
0.599614
0.247612
0.088913
0.063896
0.148457
0.165397
0.245501
0.372613
0.559104
1.414125
0.028933
0.011591
0.984116
0.807388
0.018200
0.863378
0.161286
0.092429
0.114974
0.026577
0.110913
0.290635
0.316324
0.287584
0.289318
0.295336
0.204200
0.047299
0.142593
0.513694
0.801438
1.465889
0.016585
1.629792
0.034494
0.170905
0.139356
0.303162
0.843403
1.240721
0.251703
1.024411
1.400853
0.147742
0.557642
1.845240
0.040588
1.477238
0.077636
0.166613
3.993566
0.209855
0.644049
0.316005
0.757412
0.089290
1.229748
0.061333
0.146384
0.088755
0.708376
0.026958
0.057899
0.780620
0.007092
0.096796
0.041496
0.148749
0.498012
1.124674
0.095401
0.013268
0.725460
0.059954
0.165654
0.287970
0.046078
0.223131
0.243650
0.131889
0.515536
0.243374
0.427384
0.229101
0.961578
0.219075
0.378708
0.731322
0.317639
0.768393
1.336996
0.129198
0.908284
0.020603
0.008998
0.953590
0.121912
0.051281
0.057609
0.938756
2.414755
0.166014
1.032639
0.708696
0.251702
0.084347
0.108754
0.330406
0.362026
0.435176
0.628376
0.086339
1.699197
0.171274
0.373456
0.858590
0.517555
0.029502
0.444344
0.061097
0.923295
0.366806
0.209834
0.569160
0.410714
0.223589
0.378730
0.749332
0.306289
0.510788
0.488553
0.298971
1.278771
0.343402
0.116415
0.191388
0.527849
0.258079
0.808742
0.091521
2.079797
0.363896
0.197158
1.507552
0.822706
0.955379
0.737863
0.300630
1.200256
0.223294
0.418397
0.696265
1.060217
1.201967
0.282111
0.290103
0.157498
1.639600
0.122176
0.651448
0.461047
0.917510
0.098198
0.372030
0.205647
0.243902
0.925291
2.266812
0.778462
0.517054
0.085113
0.742732
0.088060
0.329261
0.644696
1.729669
0.203545
0.342539
0.272733
0.139688
0.969462
2.184339
2.679956
0.666210
1.136368
0.277995
0.097022
0.091468
0.246196
0.249751
1.128974
2.363771
0.132998
0.038305
0.362805
0.422875
0.307885
0.222227
0.410517
0.143169
0.001644
0.630357
0.011427
0.090021
0.110905
0.687493
0.071539
0.381086
0.139266
0.403430
0.750500
0.052262
0.389434
0.740064
0.902147
0.288167
0.110877
0.005929
0.464718
0.443032
0.259560
0.347233
0.432415
0.508764
0.427137
0.049826
0.117404
0.017390
0.302269
0.733321
0.166462
0.305282
0.332620
0.182476
0.486060
0.577246
0.027189
0.703316
0.123034
0.175512
0.184646
2.672021
0.251495
0.948062
0.729680
0.131130
0.169765
1.698143
0.138851
1.118018
0.403973
0.521257
0.250254
0.071418
0.168398
1.723907
0.129354
0.341820
0.001185
0.572263
0.153619
0.168116
0.074587
0.693897
0.447402
0.714183
0.285603
0.516748
0.362146
0.529629
1.408971
0.868944
0.522788
0.204399
0.560366
0.269035
0.417633
1.633169
0.241142
0.827004
0.965417
1.381167
0.304542
0.143008
0.036264
0.677587
0.122270
0.176848
0.135459
0.123784
1.944579
0.348423
0.351443
0.062848
0.145324
0.050550
1.053579
0.581379
0.674299
0.250231
0.208261
0.570761
0.122860
2.262943
0.008176
1.111967
0.259850
0.436687
0.960950
0.775416
0.248115
0.616605
0.645100
0.939737
1.577885
0.791750
0.445101
0.095780
0.048617
0.876505
0.250134
0.037466
0.199191
1.143738
0.105553
0.434722
2.613937
0.035602
0.156119
0.664072
0.310393
0.469341
0.268669
0.570244
0.455691
0.282744
0.424496
0.001669
0.007241
0.277411
0.783335
0.260064
0.072207
0.362882
0.145768
0.048181
0.186105
0.923568
0.154755
0.258294
0.552910
0.539149
0.322790
3.027700
0.408567
0.548237
0.431932
0.402530
0.663414
0.937557
0.169818
0.109800
0.303961
0.608139
1.049814
0.027519
0.072852
0.298602
0.029283
0.081238
1.041636
0.942412
0.405424
0.004999
0.226428
0.826183
0.053688
0.561934
0.525935
0.229438
0.040837
0.192667
0.014114
0.403795
0.190946
0.441110
0.124245
1.131207
0.074874
1.547268
0.678491
0.278475
0.082358
0.110375
0.070042
0.014901
0.144932
0.154828
0.326017
0.184459
0.269154
0.218860
0.085194
1.783921
0.226625
0.367872
0.757490
0.313917
0.108973
0.281852
0.898667
0.160281
0.694508
0.990586
0.881082
0.035270
0.297311
0.024778
1.662279
0.442523
0.001529
0.613067
0.007227
0.084160
1.175144
0.078365
0.101842
0.084975
0.264975
0.544274
0.312567
0.879056
0.008974
0.485732
0.803255
0.240819
0.076764
0.433275
0.943526
0.206362
0.005280
0.574020
0.473908
0.716030
0.393547
0.290571
0.883906
2.485483
0.335780
0.788256
0.434189
0.338776
0.346454
0.451587
0.520727
0.259210
0.673121
0.889932
0.411436
0.081936
0.341236
0.012988
1.926397
0.359153
0.520804
0.752974
1.125239
0.778984
0.221423
0.679599
0.068249
0.229669
0.277454
0.673546
0.069333
1.765249
0.099680
1.594355
1.658979
0.554079
0.697325
0.392786
0.088354
0.145150
0.074749
0.827829
0.534284
1.054513
0.511343
0.122523
0.015123
0.072517
0.139178
0.004305
0.521251
1.104029
0.772683
0.390530
0.568972
0.078070
0.167885
0.822828
0.359600
0.620817
0.396063
0.514085
0.572535
0.650725
0.459540
0.518624
0.253497
0.217855
0.105183
0.410117
0.464632
0.199175
0.229991
0.151672
0.116103
0.004560
0.325990
0.135255
0.077792
0.639995
0.140905
0.783939
0.473434
0.016442
0.202927
0.172351
0.097345
0.482224
0.051949
0.585217
0.200160
0.518949
0.201814
0.005881
0.233935
1.353187
0.535397
0.737806
0.168728
0.938583
0.201010
1.110833
0.096519
0.601550
0.083161
0.241254
0.616899
0.500127
0.483499
0.958321
0.218613
1.002578
0.516993
1.693942
1.139974
1.908492
0.149061
0.038776
0.454176
0.220394
0.722785
1.306642
0.001138
0.050737
1.393540
0.235752
0.015084
0.452753
0.079673
0.189996
0.292272
0.325362
0.116410
0.481416
0.098050
0.223872
0.000479
1.089678
2.491449
0.484759
0.673125
0.213334
0.332858
0.242415
0.188103
0.242096
0.224869
0.423532
0.306637
1.597295
1.314155
0.126038
1.084566
1.330147
0.192323
0.868983
0.182649
0.214643
0.272179
0.301935
0.547049
0.991794
1.341486
1.031245
0.327555
0.058104
0.133153
0.328477
2.841397
0.128700
0.053963
0.666626
0.426964
0.443853
0.064246
1.093737
1.791468
0.329648
0.307287
0.281614
0.291520
0.244637
0.529857
0.198395
0.190631
1.801429
0.082229
0.487768
0.194142
0.423654
0.039694
2.169046
0.284455
0.003995
0.982348
1.229462
0.062594
0.049135
0.252128
0.060669
0.193226
0.344927
0.950721
1.125933
0.045374
1.774160
0.763002
0.030384
0.302579
0.138355
0.336270
1.130786
0.495310
0.077179
0.126375
1.456196
0.061530
0.234990
0.420435
0.287743
1.463271
0.517795
0.276264
0.239241
0.529132
0.167253
0.174601
0.736169
0.237332
0.586874
1.080875
0.599397
0.104833
0.665001
0.449766
0.161411
0.613366
0.235672
0.203875
0.087631
0.480596
0.869898
0.029120
0.141325
1.712921
0.164192
0.106517
0.043469
0.531960
0.714676
0.367856
0.459795
0.260033
1.453339
1.997523
0.030120
0.130456
0.161719
0.883258
0.467682
1.707699
0.625793
0.182641
0.084968
0.298439
1.147503
0.282974
0.084933
0.160844
0.728429
0.190619
1.115780
0.447603
0.233852
0.074747
0.409304
0.529900
0.200782
0.513921
0.184355
0.047850
0.089000
1.202264
0.343366
0.057369
1.109514
0.405114
0.206284
0.091738
0.242511
1.455783
0.072377
0.051717
0.144915
0.171983
0.396746
0.081759
0.642275
0.608631
0.277497
0.336925
0.010584
0.191776
0.042634
0.250856
0.305710
0.511784
0.024585
0.775933
0.166278
0.220305
1.057684
0.295267
0.154656
0.235957
0.404132
0.085592
1.340000
1.114764
0.196492
0.189718
0.910173
0.307839
0.267233
0.046957
0.694693
1.631871
0.137539
0.321224
0.547881
0.548925
1.665667
0.580234
2.099063
0.023540
0.042326
0.292053
0.580263
0.069142
0.131036
1.746483
0.332284
0.058242
0.268549
0.696262
0.332910
1.752054
1.197821
0.270286
0.991511
0.133187
0.660887
0.602616
0.591387
0.079706
0.780365
0.293803
0.057767
0.015490
1.252602
0.745440
0.596875
1.071066
0.309471
0.572685
1.319623
0.391157
0.066360
0.477598
0.557069
0.219124
0.439561
0.085576
0.312547
0.000205
1.197677
1.507329
1.758927
0.851176
0.229847
0.893936
0.026485
0.053715
0.380779
0.683569
0.143319
0.195101
0.105058
0.221838
0.218156
0.057061
0.071446
0.025911
2.325400
0.451489
0.659123
1.256844
0.073840
0.971358
0.382101
0.827989
0.118824
0.063432
1.696640
0.563983
0.063665
1.040767
0.493419
0.047098
0.590465
2.732690
1.279249
0.682461
0.051365
0.304073
0.336441
0.212971
0.754164
0.568583
0.610683
0.070957
0.773522
0.911084
0.100940
0.751570
0.283666
1.233743
0.596352
0.422284
0.738960
0.131264
0.238495
2.049427
0.215424
0.212135
0.538990
0.317062
0.124881
0.169112
0.409916
1.226828
0.166154
0.328961
0.537380
0.239311
1.388014
0.080310
0.649525
0.630157
0.879136
0.283153
0.944376
0.476972
0.157840
0.016027
0.249079
0.608143
1.466362
0.046579
0.160053
0.634054
0.192718
0.529618
0.605406
0.554161
3.470612
0.224522
0.075114
0.124261
0.523095
0.600293
0.071975
1.340169
0.099869
0.786768
0.186855
0.063218
1.415733
0.019907
0.901526
0.732087
0.318775
0.575918
0.241858
0.677634
0.628494
0.747749
0.295109
0.542708
1.000552
0.635985
0.239724
0.102075
0.233405
0.043280
0.963954
0.232635
0.294107
2.560961
0.448344
0.049032
0.590482
0.647588
0.012592
1.036026
0.365777
0.205258
2.469836
0.308012
0.235582
0.880270
0.129803
0.939112
0.358712
0.473576
0.444898
0.129050
0.245527
0.017841
1.102372
0.145733
0.702789
0.157764
0.287676
0.068354
0.218104
0.172685
0.346383
0.800235
0.168490
0.048196
1.110996
1.933861
0.851988
1.241308
0.959230
0.205400
0.145957
0.935434
0.796765
0.495631
0.560518
0.012883
0.323161
0.102928
0.507494
0.033760
0.266819
0.012973
0.052871
0.180667
0.163174
0.965921
0.426483
0.629283
2.034180
1.311166
0.004006
0.329570
0.646520
0.174110
0.427357
0.480085
0.159518
0.249314
0.381407
0.067519
0.653773
0.772797
1.793665
0.373601
0.268676
0.519775
0.401199
1.111596
0.893196
0.104954
1.573599
0.141161
0.121006
0.029542
0.398392
0.340016
1.218004
0.065666
0.117442
1.128734
0.025879
0.122514
0.237479
0.748067
0.358080
1.525463
0.249760
0.767456
0.211806
1.307451
1.208680
0.038894
0.625253
1.073523
0.459584
0.069256
0.377040
0.082966
0.010654
0.224703
0.209455
1.910888
0.468199
0.407307
0.018064
0.085505
0.025957
1.477998
0.164433
0.150503
0.926897
0.200762
0.324321
0.125160
0.056420
2.237938
0.095661
0.346458
0.741723
0.366416
0.278181
0.575988
0.451062
0.075614
0.418693
0.108731
0.157147
0.050860
0.214115
0.171794
0.306900
0.586521
0.156596
0.034500
0.142354
0.181471
0.126711
0.177164
0.145408
0.350710
0.408542
0.050300
0.900360
0.018087
0.190742
1.419591
0.012221
0.337934
0.291170
0.797994
0.005399
1.012930
0.328196
0.464476
0.004252
0.024826
0.805906
0.162979
0.078419
0.080562
0.420758
0.463002
0.914383
0.909566
0.555149
0.045594
0.076696
1.124041
0.243480
0.250894
0.254179
1.439334
0.336924
0.132854
1.939227
0.823594
0.096104
0.001735
0.177406
0.478914
0.806611
0.185121
0.331207
0.165668
1.229418
0.339487
0.200594
0.627527
0.737076
0.322781
0.996641
0.207736
0.041419
0.607249
0.097888
0.693224
0.781026
0.192839
0.517027
0.096673
0.626867
0.021952
0.063686
0.114593
0.161684
0.052076
0.006152
0.299971
0.054001
0.186201
0.034906
1.167195
0.484261
0.401287
0.102386
0.382668
0.022859
0.362465
0.143682
0.845640
2.370738
0.060245
0.084616
0.036701
0.848193
0.202851
0.859660
0.466909
0.529939
0.312977
0.763360
0.229484
0.354845
1.163167
0.425351
0.767388
0.000629
0.439876
0.134367
0.054702
1.131865
0.180545
0.003393
0.363243
0.965202
0.106553
0.026287
1.149294
0.614767
0.179037
0.628188
0.600066
0.267639
1.023984
0.734010
0.131429
0.114389
0.446324
0.910382
0.975952
0.028645
0.484913
0.128132
0.414923
0.370327
0.802093
0.214146
0.371648
0.242304
0.438574
0.494550
0.164321
1.090701
0.503726
0.796030
0.677450
0.876598
0.940988
0.513090
0.382162
0.080489
0.220760
0.132763
0.414120
0.129350
0.001410
0.790744
0.283204
0.449773
0.500420
0.171553
0.523379
0.146033
0.363350
0.119642
0.749124
0.189493
0.411843
0.179005
0.601165
0.078456
1.322701
1.946259
0.016436
0.414913
0.748279
0.744417
0.247686
0.488832
0.268919
1.295180
0.740305
0.741256
0.086109
0.204498
0.000440
0.087784
0.069640
0.283979
0.701752
0.718676
0.643234
0.258079
0.007925
0.137385
0.478556
0.785597
0.405626
0.097514
0.048882
0.147323
0.194606
0.011205
0.133816
0.219056
0.440988
0.005486
0.069121
1.879452
0.503549
0.393841
1.159854
0.261469
0.191389
0.030885
0.679160
0.192034
0.124821
1.031478
0.697634
1.848186
0.504431
0.323121
0.237711
0.526472
0.629817
2.590518
0.292859
0.158686
0.094109
0.384401
0.374484
0.340585
0.408893
0.717652
0.944319
0.078109
0.741113
1.904587
0.064667
0.261779
0.370052
0.011643
0.843199
0.919336
0.043279
0.407909
0.087109
0.181087
0.281625
1.215889
0.163576
0.034145
0.245600
0.535601
0.631334
0.055103
0.527462
0.087412
0.236036
0.866785
0.596726
1.168779
0.190867
0.147467
0.547400
0.090788
0.255452
0.288360
0.077672
0.368410
0.934924
0.549528
0.393051
0.540388
0.354421
0.493492
0.123200
0.550817
1.337839
0.523533
0.433502
0.117966
0.627712
1.719449
1.010846
0.282946
0.037497
0.366308
0.448909
0.297594
0.209806
0.170801
0.216916
0.539435
0.393497
0.008762
0.874540
1.448725
0.304067
1.752361
0.313869
0.179401
0.506345
0.005321
1.637128
0.078061
0.507898
0.099558
0.836237
0.420854
0.884743
0.248798
0.755230
0.393316
0.223073
0.520304
1.881176
0.282958
0.090827
0.421187
1.063064
0.355460
0.978371
0.132426
0.092460
0.258313
0.143876
2.638775
0.214091
0.611555
1.673922
0.842376
0.003600
0.460149
0.871756
1.742216
0.685496
0.310861
0.081185
0.408634
0.016265
1.942522
1.501609
0.833530
0.371250
0.185737
0.306207
0.347423
0.678257
0.489176
0.036372
0.487947
0.071288
1.321436
0.968362
0.179558
0.201969
0.055956
0.175916
0.570689
0.834497
0.151528
0.341728
0.853904
0.994039
0.192997
0.775741
0.469763
0.764406
1.389827
0.091691
0.844279
1.246831
0.062738
0.492302
0.291224
0.279488
0.044073
1.426413
0.093555
0.616258
0.006279
0.789436
0.920432
1.417859
0.524365
0.077174
0.159853
0.704258
0.289578
1.542379
0.418576
0.603774
0.298364
0.243713
0.415185
0.734003
0.095496
0.095156
0.402400
0.059280
0.208401
0.229462
0.014815
0.306957
2.596931
0.318067
1.090082
0.041051
0.266352
0.029676
0.773849
0.277097
0.953308
0.495214
0.228475
0.347610
0.738349
0.511417
0.148213
0.118645
0.451545
0.867464
1.216969
0.022537
0.117470
0.323534
0.840170
0.241641
0.524512
0.228257
0.341644
2.331906
0.663162
0.371421
0.298320
0.652815
2.639790
0.204976
0.824660
0.262031
0.250391
0.452036
0.895941
0.140758
0.126586
0.111660
0.685991
2.677402
0.918067
0.001465
0.115659
0.285688
0.875826
0.063248
0.326315
0.018278
0.452235
0.173373
0.271622
0.140495
0.538710
1.227781
0.134289
0.250500
0.288505
0.577393
0.065666
0.283990
0.010710
1.336055
0.920118
0.268188
0.373249
0.561310
0.540137
0.692431
1.038585
0.261191
0.683081
0.628130
0.263664
1.512364
0.081574
0.134811
0.036420
0.496938
0.158884
0.547551
1.281170
0.587802
1.206527
0.436620
0.465134
0.078907
1.874941
0.022487
0.888535
0.052432
0.324382
0.955475
0.015460
0.191750
0.155439
0.406443
2.488298
1.313428
0.182689
1.011789
0.203675
0.026163
0.437456
0.682087
0.001207
0.661446
1.974889
0.037718
0.225883
0.145824
0.670002
0.168697
1.444215
0.522935
1.015424
0.399130
0.791413
0.932989
0.450537
0.491046
1.448478
0.036917
0.324597
1.849595
0.246905
0.682718
0.379302
0.241286
0.558019
0.909294
0.144257
0.003519
1.097884
0.897057
0.695999
1.108834
0.418926
0.658689
1.659327
1.335794
2.104278
0.605254
0.122458
1.325849
0.215829
0.044966
0.326346
0.078429
1.338721
0.038022
0.736249
1.044020
0.077975
0.142630
0.953002
0.381894
2.474682
0.241449
1.243903
0.547316
0.124713
0.091680
0.557906
0.057974
0.000629
0.275627
0.000308
0.420381
0.084763
1.667913
0.346050
0.076033
0.548860
0.630635
0.036574
0.008541
0.811545
0.399136
0.088435
0.662079
0.487912
1.349742
0.470860
0.729470
0.099800
0.309363
0.179496
0.095492
0.930158
0.123288
0.913768
0.033673
0.243929
0.358250
0.095948
0.244953
1.369108
0.096322
1.561044
0.047843
0.075202
0.303862
0.132190
0.819969
0.094442
0.180381
0.865648
1.841028
0.957811
2.101758
0.616876
0.323006
1.249403
0.191983
0.139451
0.051991
0.757553
0.393734
0.159148
0.489870
0.720971
0.059281
0.585141
0.081019
0.488211
0.998759
0.384915
0.408968
0.020178
0.339467
0.524781
0.098733
1.480701
1.069499
2.106549
0.064127
0.102334
0.825507
0.050020
0.019283
0.788006
0.814823
0.360465
0.620697
0.065537
0.707522
0.829779
1.166839
0.179832
0.042991
0.375021
0.033937
0.107955
0.122550
0.121171
0.850600
0.042617
0.697407
0.235958
0.064630
0.140495
0.013225
0.178656
0.107350
1.194777
0.168188
0.188139
0.049034
0.049242
0.262790
0.070346
1.090148
0.119629
0.517740
0.455665
0.204462
0.257107
0.261945
0.136361
0.608899
0.336846
0.726964
0.734275
0.576589
2.058990
2.098319
0.348481
0.033831
0.667943
1.052266
0.103314
2.009762
1.172745
0.333861
0.096341
0.837066
0.740896
0.335540
1.181917
1.007052
1.139585
0.018947
0.700302
0.058503
0.573055
0.216595
0.295344
0.043956
0.712207
0.577195
0.776239
0.143526
0.299919
0.408243
1.358259
0.285307
0.391506
0.286172
0.346820
0.164285
0.188363
0.580657
0.151964
0.123012
0.095610
0.287541
0.015552
1.467032
1.303096
1.378881
0.839339
0.868113
1.820073
0.418430
1.360834
0.533383
1.253541
0.239251
0.673612
0.566361
0.033625
0.375723
1.311203
0.362979
0.045145
0.987604
1.507571
0.496190
0.176247
0.300018
1.200397
0.472040
0.074327
0.094033
0.883219
0.187116
0.469244
0.981931
0.149879
0.382822
0.795433
0.037567
0.222193
0.734844
0.509872
0.173374
0.277461
0.408005
0.559365
0.090714
0.134366
0.670365
0.592474
0.088980
0.146840
0.758368
0.012296
0.114987
0.263715
0.193831
0.534507
0.192268
1.346491
0.791851
0.337333
0.716442
0.056567
0.052377
0.485195
0.227830
0.503136
0.270055
0.288440
2.495570
0.103708
0.040423
0.168589
0.474926
0.504577
1.603532
0.755076
1.024455
0.598449
0.320621
0.017373
1.521982
0.146471
0.030109
0.085869
0.545046
0.238856
0.842224
2.038695
0.187070
0.469830
0.320963
0.038171
0.629756
0.425692
0.593010
0.042876
0.116342
0.059325
0.367537
0.112071
0.177766
0.455895
0.333757
1.217496
0.133070
0.295785
0.588058
0.055350
0.077983
0.090094
0.074796
0.050887
0.271349
0.109938
0.146895
0.043126
0.430405
0.035759
0.033971
1.100466
0.567004
0.387620
1.645729
0.250823
0.059720
0.535546
0.323747
0.192963
0.733204
2.934576
0.368004
0.035451
0.452391
0.004014
1.977689
0.883157
0.303061
0.557941
1.357767
0.456835
0.907803
0.037778
0.594899
0.147913
0.157460
1.500712
0.206788
0.939750
0.009746
0.259096
0.667105
0.597940
1.439506
0.601044
0.048271
0.029022
0.220650
0.420445
0.236261
0.067364
0.417180
1.139190
0.108142
0.087902
1.179819
0.096393
2.315543
0.223209
0.941004
1.289078
1.597506
0.577555
2.881410
0.531745
1.415614
0.155312
0.464479
0.164098
0.060714
0.489533
0.576294
0.951832
0.194231
0.494419
0.399712
0.267157
0.576614
1.188721
2.025710
0.031446
0.016912
0.397535
1.591100
0.129225
0.618365
0.997739
0.257999
0.601860
0.126888
0.144382
0.489097
0.101162
1.372784
0.484935
0.909833
1.047167
1.094088
0.292555
0.085172
0.001113
0.034832
0.918821
0.959349
0.246488
0.316308
0.258434
0.812589
0.083135
0.186131
0.770249
0.120488
0.210863
0.203365
0.094761
0.424128
0.022417
0.018693
1.843126
0.680836
0.151115
0.127927
0.229257
0.293494
0.088090
2.239085
0.165587
0.019569
1.045857
0.645266
0.108461
1.054943
0.785515
0.018236
0.658292
0.100057
0.351209
0.072840
2.083017
0.536176
0.295649
0.735299
1.027615
0.781464
0.055124
0.022803
0.224957
0.080220
0.042386
0.205680
1.112810
0.209358
0.413908
0.150402
0.771145
0.644639
0.142791
0.035227
0.719662
0.066736
0.787289
1.584085
0.001852
0.439828
2.536362
0.665234
0.727152
0.344925
1.024792
0.694998
0.084888
0.191072
0.368169
0.014243
0.057190
0.491113
0.037720
0.317816
0.743068
0.083584
0.824220
0.547939
0.342640
0.231532
1.298690
0.165755
0.050009
0.095553
0.215538
0.976281
0.177554
0.077214
0.846436
0.180197
0.651288
0.829693
0.019498
0.341209
0.184152
1.200967
0.140870
0.312034
0.128777
0.727640
0.338955
0.204091
0.248945
0.416191
0.818768
0.090727
0.634576
0.474913
0.890995
0.121024
2.062581
0.707818
0.343724
0.041157
1.338155
0.939744
1.383161
0.130738
2.324399
0.699420
0.380376
0.633982
0.413752
0.423069
0.119892
1.023794
0.327337
0.306920
0.204130
0.614558
0.127702
0.878730
0.021763
0.480625
0.249206
0.942375
0.765147
0.059074
0.309321
0.477548
0.197572
0.294541
0.232969
0.867385
0.371359
0.180942
0.555683
0.309287
0.381488
0.541347
0.120657
0.034358
0.238949
0.750888
0.507144
0.449614
0.522375
0.062627
0.026620
2.049609
0.871991
0.162343
0.832824
1.011601
1.126091
0.113725
0.629218
0.567159
0.189075
0.097537
0.173775
0.512621
0.486948
0.548363
0.312604
0.079247
1.747885
0.072941
0.468068
0.349983
0.797420
0.863731
0.421760
0.097383
0.457559
0.116058
0.735032
0.142344
0.196428
0.862811
0.131440
0.081290
0.052227
0.021505
0.008990
2.559127
0.140873
0.661606
0.557938
0.410953
1.209269
1.690050
0.112634
0.381076
0.499827
0.549127
0.569578
0.460235
0.810472
0.169678
0.055503
0.457330
0.058287
0.561769
0.748769
0.618191
1.068615
0.395280
1.576992
0.115898
0.229707
0.104425
0.220762
0.315114
0.131060
0.234813
0.309524
0.323242
0.057417
0.071886
0.018603
0.009813
0.052609
0.136049
0.402344
0.658132
1.175718
0.132428
0.202882
0.613886
0.367458
0.288660
0.182932
0.497790
0.060221
0.043173
0.207802
2.700752
0.495954
0.176467
0.113063
2.991419
0.332630
0.409726
0.312752
0.630168
1.359738
1.305584
0.106941
0.021754
0.031186
0.130085
0.032008
0.087378
0.314898
0.476974
1.113753
0.232661
0.940184
0.127921
0.041215
0.229370
0.545820
0.243494
3.222531
0.752102
0.315789
0.206600
0.742056
0.051227
0.505089
1.858215
0.049832
0.064887
0.382866
0.410339
0.910532
0.316588
0.333173
0.015592
0.358385
0.395804
0.150406
0.426286
0.614172
0.649293
0.104414
0.457428
0.052208
0.018296
0.871946
0.098174
0.258633
0.336179
0.414827
0.257303
0.155511
0.016286
0.674949
0.020723
0.069302
0.236267
0.008206
0.126986
0.344861
0.400683
0.766592
0.205061
0.010296
0.157746
0.228749
0.379702
0.850380
0.492977
0.055878
0.371881
0.218477
0.174213
0.066254
0.301790
0.200339
1.490571
0.499053
0.662103
0.288804
0.108595
0.073236
0.612196
0.128913
1.047718
0.686516
0.220571
0.146222
0.719721
0.434924
0.696856
0.188603
0.227174
0.046210
0.203688
0.504900
0.303864
1.007427
0.301803
0.042959
1.794919
1.904765
0.286643
0.155032
0.053762
1.101274
0.454079
0.026284
0.367925
0.200776
0.336644
0.629609
0.314588
0.109100
1.435825
0.210761
1.429704
0.178404
0.455049
0.611472
1.064643
0.214902
0.010031
0.141324
0.287808
0.218840
1.068213
1.117719
0.124954
0.204050
1.852196
0.107541
0.187659
0.265271
0.308209
0.267964
0.179190
0.029269
0.313758
0.863252
0.245166
1.562411
0.386332
0.963950
0.082491
0.328517
0.110635
0.049793
0.760957
0.794855
0.805783
0.543516
0.078548
0.858197
1.198447
0.437358
0.096037
0.782528
0.323203
0.251994
0.067344
0.300247
0.445078
0.288963
0.994521
0.025401
0.961435
0.089783
0.056244
0.192756
2.151096
0.340578
0.161449
0.371883
0.214251
0.279345
0.003157
0.395948
0.369942
0.775584
0.210059
0.195231
0.299632
0.335114
0.077475
0.222975
0.037054
0.191581
0.081676
0.396487
0.626198
0.161978
3.435280
0.180908
0.628789
0.990743
0.217799
0.421371
0.013430
0.307642
1.100776
0.006524
1.533953
0.090354
0.385709
0.179766
0.449918
0.392562
0.945277
0.061759
0.201686
0.106623
0.289418
0.763286
0.570421
0.437325
0.076870
0.696918
1.157781
0.173512
0.177896
0.477867
0.421905
0.177155
1.257016
0.168149
0.087462
0.158851
0.965720
0.103500
0.657813
0.682128
0.111537
0.577869
1.202587
0.668919
2.178061
0.349697
0.165312
0.904505
0.482882
0.475261
0.014316
0.030277
0.252241
0.616659
0.513261
0.386838
0.308607
0.391578
0.891594
0.713424
0.086290
0.256940
0.030023
0.040370
0.581445
0.123435
0.215198
0.390967
0.260218
0.042475
0.169073
0.465300
0.727537
0.109488
0.210242
0.700783
0.601608
0.490141
0.445766
0.192156
0.136072
0.481427
0.237277
0.503159
0.197911
0.009891
0.095050
0.774238
0.413483
0.002518
0.396333
0.638512
0.261156
0.465249
0.801483
0.049507
0.869773
0.080348
0.506332
0.130772
0.130612
1.286270
0.903401
2.828612
0.064097
0.098672
0.693741
0.857651
0.814533
0.207962
0.074930
0.021529
1.590637
0.363879
0.564403
0.167975
0.384579
0.947577
0.037777
0.052248
0.964571
0.483968
0.858390
0.151621
0.127947
0.482554
0.219912
0.025739
0.729447
2.453123
0.164471
2.975723
1.240010
0.061726
2.550203
0.018631
0.174941
0.681684
0.971291
0.052189
0.044127
2.740871
0.076144
0.021944
0.359589
0.851434
0.198957
0.025354
0.550624
0.256289
0.080475
0.369356
0.010706
1.737244
0.765893
0.141818
0.443463
0.075237
0.176296
0.219708
0.070955
0.430725
0.217693
0.024889
0.591411
0.213005
0.044489
2.246616
0.047756
1.421946
0.046020
0.096528
1.387409
0.130157
0.123272
0.299361
0.024086
0.395692
0.346504
0.626887
1.476656
0.522910
0.135148
1.737160
0.480669
0.010457
0.121659
0.115146
0.087413
0.359862
0.411953
0.173148
0.047465
1.228278
0.208710
0.766589
0.151338
0.277903
0.741330
0.217128
0.229584
0.986274
0.375195
0.182520
0.047204
0.685843
0.705944
0.073739
0.173436
0.148024
0.954233
0.137836
1.176119
0.046353
0.117833
0.369557
0.057837
0.277504
0.651273
0.157103
1.398811
0.170856
0.413143
0.015028
0.113901
1.169539
0.840361
0.312631
0.200219
0.441824
0.849496
0.598938
0.296764
0.211522
0.002002
0.385785
0.047854
0.714211
0.561706
0.242559
0.008350
0.373827
0.490833
1.271722
0.477336
0.901719
0.293374
0.644214
0.151364
0.094389
2.551966
0.111725
0.309462
0.406253
0.130588
0.547101
0.307944
0.022298
0.069672
0.779878
0.497590
1.470657
0.334694
0.040588
0.172764
0.338611
0.478142
0.241788
0.145368
0.171607
0.730080
0.156567
0.849236
0.249707
0.105516
0.282904
0.129633
0.502725
0.085036
0.336264
0.820332
0.081449
0.585315
0.155731
0.613071
1.260890
1.350174
0.091011
1.652474
0.032477
1.564388
0.450260
0.005072
0.293679
0.556776
0.179945
1.375846
0.169341
0.578659
0.104415
0.431144
0.302086
0.305613
0.251133
0.937312
0.521447
0.877062
0.038965
0.165425
2.047261
0.415691
0.045967
0.071738
0.146771
0.219609
0.917029
0.095620
0.170034
0.003337
0.073881
0.216290
1.646812
0.656533
0.224129
0.261354
0.257597
0.544589
0.210239
0.585442
0.214760
0.379360
0.155791
0.811393
2.257173
0.543175
0.523825
0.506148
0.336178
0.644056
1.252367
0.320118
0.170374
0.003078
0.466325
0.391693
0.224393
0.295951
0.631524
0.524732
0.301999
0.964041
0.000521
0.269149
0.440436
0.224945
0.866783
2.219587
0.013074
0.091129
0.566759
0.234992
0.599242
1.457661
0.097788
0.581412
0.468716
0.876881
0.195792
0.051494
0.400464
0.138745
0.422793
0.915821
0.142812
0.097512
0.241438
0.470871
0.488965
0.052793
0.150503
0.040220
1.548061
0.151207
0.340163
0.388650
0.488113
0.190554
0.375970
0.523597
0.330349
0.115746
0.012180
0.100360
0.082711
0.112639
1.017260
0.715293
0.014500
0.107384
0.978414
0.433360
0.285985
0.280523
0.271951
0.576073
0.466430
0.811046
0.174137
0.130997
1.165068
0.403741
0.183921
0.974183
0.843670
0.808035
0.253623
0.288357
0.062905
1.304534
0.045695
0.460309
0.071385
0.059056
0.765280
0.168094
0.187790
0.528988
0.023725
0.209043
0.935768
1.177130
1.271472
0.165434
0.203552
0.208430
1.686931
1.415093
0.077393
0.150442
0.094059
0.023608
0.840622
0.326248
1.169689
0.495570
0.164654
0.179382
0.034732
0.254410
0.129293
0.083880
0.000261
0.223851
0.154520
0.766488
0.519816
0.432511
0.287194
0.590058
1.266954
0.166384
0.455395
0.922634
0.415933
1.345731
0.100999
0.378051
1.032637
0.197489
0.781143
0.022864
0.232945
0.463425
0.371121
0.161507
0.132666
0.816181
0.430779
0.178448
0.113656
0.818287
0.303117
0.113984
0.090916
0.637281
2.209699
0.837451
0.177912
0.276613
0.352034
0.124267
0.615452
0.054475
0.032042
0.159233
0.018043
0.140503
0.812891
1.196576
0.423478
0.450192
1.532622
1.438587
0.110191
0.324385
0.124066
0.281793
0.165535
0.797866
0.656505
0.331962
0.461398
0.102645
0.584019
0.732349
1.182422
0.565024
0.435570
0.114984
0.053732
0.045486
0.277125
0.830004
0.105472
0.334295
0.043105
0.127848
0.659405
1.085080
0.072098
0.181080
0.326412
0.045860
0.142201
0.565383
0.416149
0.314878
0.057173
0.937993
0.153615
0.913303
0.201711
1.009125
0.012469
0.010608
0.505252
1.334412
0.598623
0.122625
0.073153
0.804383
0.181524
0.412316
0.470456
0.341230
0.025212
0.589358
0.636930
0.760988
0.431573
0.963899
0.044716
0.029659
1.425133
0.202546
0.663651
0.353747
0.805625
0.925304
0.218415
0.033540
0.572694
0.579003
1.344070
0.612990
0.613588
0.419615
0.506946
0.259476
0.769601
0.742070
0.114532
0.047097
0.203914
0.842215
0.439163
0.242319
0.353396
0.181758
0.090641
0.044385
0.086763
0.144741
0.076889
0.053501
0.439055
1.049191
0.469010
0.242900
0.636847
1.641928
0.298623
0.257169
0.522637
0.240365
0.057499
0.219474
1.494132
0.684874
0.713853
0.664150
0.366081
1.674248
0.871392
0.962205
0.755504
0.263384
0.135982
0.168499
0.626340
0.258688
0.231838
1.034019
0.532491
0.360331
1.845276
0.137020
0.247899
0.438102
0.489739
0.058896
0.395001
0.038531
0.359973
0.108184
0.304253
0.486239
0.399083
0.259985
0.229183
0.185523
0.075722
1.089369
0.160689
1.683423
0.675181
0.027843
0.234995
1.930942
0.207949
0.046745
0.241353
0.621157
1.645986
0.019451
0.127352
1.389193
0.162764
0.478256
0.368551
1.163166
0.648937
0.035027
1.875701
0.137291
0.152053
0.283126
0.990123
0.835828
0.909502
0.130454
0.065084
1.916311
0.061912
0.252838
1.439855
0.973569
0.299888
0.191979
0.904829
0.783470
0.262203
0.123705
0.349182
0.231743
0.148754
0.649978
0.184644
0.383061
0.210207
0.886789
0.287713
0.036347
1.141060
0.267260
0.185694
0.087266
0.936705
0.094485
1.791625
0.576345
0.256946
0.049505
0.543186
0.365218
0.337819
0.466223
0.235498
1.425673
1.296807
0.119071
0.661286
0.202741
0.282015
0.134694
0.609132
0.583053
1.656713
0.006558
0.126550
0.183243
0.926732
0.541090
0.236563
0.675925
0.039086
0.581051
1.158288
1.272933
0.980777
1.034168
0.465460
0.151362
1.718991
0.156240
0.755926
0.307204
1.038844
0.084279
0.256474
0.804797
0.228664
0.072411
0.071575
0.800031
0.231793
0.908945
0.333290
0.203672
0.950776
0.619193
0.512800
0.592036
0.232045
0.009269
0.285649
0.295734
0.611304
0.205187
0.229497
0.416089
0.117989
1.822723
0.874628
0.098052
0.138708
0.465189
0.506830
0.062238
0.715048
0.019570
1.244893
0.068335
0.095101
0.025882
1.300888
0.392832
1.094983
0.265852
1.055022
0.671125
0.065365
0.367179
0.283444
0.340449
0.386694
1.012177
1.409411
0.139918
0.114404
0.184377
0.827717
0.267833
0.165849
0.504049
0.449217
0.371753
0.137668
0.130621
0.513049
0.000699
0.156185
0.408980
0.069137
0.291247
0.469673
0.028284
2.123029
0.343778
0.314987
0.999195
0.134554
0.445725
0.242768
0.552292
0.043748
1.283184
0.384553
0.012198
0.091528
0.675640
0.202112
1.870482
0.084690
0.476998
0.472546
0.690366
0.075038
0.955405
1.920097
0.759236
0.960149
0.141712
0.207472
2.024961
0.582851
1.485422
0.019149
0.560391
0.295238
0.351567
0.386552
0.572656
0.049859
1.282334
0.215797
0.098424
0.936185
1.090623
0.113316
0.006806
0.494687
0.383172
2.292090
0.766245
0.081314
0.459578
0.380294
0.170857
0.301821
0.357818
0.036502
0.183089
0.709240
0.263838
0.170680
0.295489
0.222180
0.197835
0.064025
0.816614
0.891120
0.537368
0.333328
1.306236
0.435740
0.907321
0.055651
0.279229
0.644045
0.184169
0.291186
0.217236
0.927056
0.282127
0.073321
2.517978
0.016448
0.552825
0.166304
0.332323
0.099301
0.217976
0.785504
1.390645
0.720644
0.042431
0.242462
0.065136
0.262236
0.351040
1.307583
0.137134
0.089001
0.266724
0.091072
0.682710
0.144191
0.158624
0.094755
1.839037
0.433711
0.476041
0.198096
0.275281
0.023168
0.311361
0.269677
0.040410
0.071083
0.601693
0.414121
0.187453
0.027320
0.219523
0.144299
0.847912
0.286980
0.503851
1.395944
0.931654
0.075056
1.003241
0.044259
0.180089
0.163531
0.144662
0.024162
0.376965
0.370204
0.124109
0.350806
0.054376
0.897502
0.889924
0.373720
1.056614
0.174675
1.434969
1.570872
0.278764
0.515180
0.366960
0.673580
0.595851
1.041021
2.339367
0.359590
0.187008
0.491285
0.300323
0.085321
0.724173
0.190690
0.138265
0.034937
0.453223
0.339444
0.060894
0.067068
0.008014
0.203588
0.496778
0.063319
0.092169
0.309093
0.518342
0.024332
0.705156
0.444178
0.002150
0.101248
0.131846
0.371450
1.284136
1.316143
0.255073
1.226944
0.290744
0.621750
0.387931
1.115026
1.014384
0.181731
0.117582
0.058318
0.232786
0.818922
0.461797
0.333630
1.337764
0.482231
0.861192
0.411482
0.669247
2.288118
0.011098
0.241549
0.018958
0.752277
1.784206
0.021191
1.624585
0.113820
0.417084
1.079354
0.070595
1.681327
0.801149
0.425029
0.565026
0.206442
0.312825
0.394263
0.515003
0.561420
0.532943
0.007668
0.327201
0.149532
0.348685
0.264984
1.049006
0.195387
1.792233
0.477334
0.187837
2.574885
3.157370
0.215683
0.739387
1.753111
0.248688
0.660772
0.095326
1.580778
0.480909
0.182105
1.281956
0.269244
1.051310
0.458121
0.702494
0.209998
0.078600
0.253438
0.008876
0.807336
0.266233
0.344421
0.030689
1.232271
1.199657
1.380980
0.136180
1.066287
0.401360
0.401028
1.042398
0.399345
1.161255
0.521708
0.367060
0.173963
0.239847
0.591516
0.144835
3.375214
3.408890
0.095874
0.268242
1.046851
0.744643
0.093062
0.124051
1.262446
0.419034
0.135456
0.638231
1.963558
0.664315
0.758223
1.128098
0.516946
0.631758
0.071746
0.373114
0.156830
0.578013
0.256677
0.855502
0.442442
0.025261
0.207294
1.064680
0.281317
0.016799
0.071113
0.280291
0.016233
0.183407
0.929983
1.196885
0.042522
0.007126
0.068733
0.000731
0.435665
0.227658
0.640855
0.412660
0.053187
0.349529
0.305467
0.683819
0.124416
0.446810
0.158137
0.336203
0.161547
0.558371
0.184690
0.995100
0.639926
0.522382
0.682107
0.082564
0.571697
1.047762
0.435346
0.624502
0.101704
0.277267
0.486331
0.154339
0.289741
0.693868
0.155335
0.010825
0.061713
2.277324
0.437720
0.122327
0.339059
0.020660
1.639267
0.623644
0.498895
0.132932
0.112973
1.189736
1.182826
0.357774
0.736433
0.494476
0.086761
0.361959
0.757629
0.918061
0.248910
0.224385
0.403466
0.429248
0.773810
0.096610
0.921897
0.128775
1.302252
0.057609
0.142825
0.021544
0.051742
0.891287
0.150010
0.446701
1.028933
0.125202
0.180812
0.350167
0.303457
0.352301
0.264649
0.223990
0.008456
0.100271
2.260213
0.096836
0.596788
0.733458
0.008388
0.046612
0.070178
0.422464
0.547126
1.251721
0.685431
0.353617
0.078476
0.557633
0.478325
0.250214
0.626484
0.626112
0.127784
1.816092
0.181828
0.051458
0.108491
0.468663
0.459871
0.524948
0.060531
0.006218
0.005585
0.070086
0.107881
0.000112
0.183263
1.107916
0.733942
0.195411
1.954688
1.153990
1.121737
0.518040
0.853898
0.510857
0.082527
1.661974
0.187124
0.730452
0.221364
0.013449
0.328992
0.437625
0.000040
0.773175
0.571344
0.108541
0.251513
0.165934
0.932686
0.355984
0.174620
0.969905
0.510983
0.335545
0.970682
1.468499
0.238846
0.491856
0.157680
0.222935
0.373926
0.089794
0.002451
0.211829
0.815860
0.085419
0.185055
0.061989
1.295240
0.549897
0.077240
0.261383
0.144042
0.077287
0.107896
1.339304
0.206514
0.445067
0.120246
0.101375
0.051971
0.355182
0.020300
0.671301
2.973066
1.133023
0.578879
0.236741
0.369447
1.565026
0.667618
0.025108
0.064297
0.677000
0.250708
1.295643
1.145510
0.608140
0.021286
0.868217
0.231597
0.102172
0.131315
0.485151
0.198777
0.276755
0.401898
0.548898
0.007288
0.726499
0.948268
0.060064
0.160562
1.102269
0.955365
0.158762
0.770836
0.385920
0.523800
0.184327
0.340730
0.243982
0.221046
0.476985
0.068437
0.696433
0.388121
0.013560
0.303767
0.435594
0.950593
0.874457
0.726995
0.042552
0.296261
0.049580
0.353273
3.745507
0.715221
0.368158
0.725307
0.471714
0.502996
0.020536
0.346982
0.333102
0.187195
0.168706
0.012240
1.628706
0.451588
0.365223
0.213577
1.518587
0.071415
0.322709
0.608136
0.558845
0.348891
0.086567
0.146858
0.217643
2.100244
0.010548
0.285026
0.282888
0.061241
1.416452
0.282397
1.044039
0.310212
0.109760
0.333529
0.050796
0.135469
2.178840
0.437272
0.398840
0.159811
0.467140
0.357839
1.013601
0.067016
0.978706
0.858306
0.149564
0.203483
0.371162
1.340468
0.905915
0.574377
0.102905
0.105093
0.551280
0.115896
0.489176
0.052714
0.194426
0.416467
0.379198
0.110474
0.013949
0.652227
0.577631
0.066259
1.690927
0.557702
0.613895
0.362467
1.457479
0.188579
0.013574
0.841247
0.289578
1.083848
0.503130
0.598936
0.124161
0.086231
0.496674
0.029099
0.920617
0.845536
0.141249
0.356021
0.011412
1.020773
0.470060
0.211356
0.285819
0.075994
0.391507
0.310796
1.018886
0.129384
0.442184
0.903021
1.152369
0.174131
0.216423
0.935430
0.468601
0.237506
0.539550
0.024546
0.153046
0.174435
0.685352
0.330411
0.301585
0.235592
0.388384
0.174285
0.106235
0.771387
0.813959
0.120387
0.534116
0.266434
0.409031
0.048137
0.403812
0.053618
0.404499
0.275620
0.200004
0.076413
0.150189
0.130618
0.286180
0.471833
0.039473
0.022543
2.251485
0.665919
0.048251
0.145581
0.015500
0.910277
0.666242
0.330291
0.120273
0.161682
0.751983
0.259779
0.032270
0.435438
0.482738
0.634498
2.601185
0.097954
0.832135
0.397678
0.163974
0.227355
1.793963
0.469888
0.353713
0.131856
0.913750
1.431442
0.924506
1.233106
2.170681
0.890503
0.526488
0.041133
0.043944
0.572264
1.244684
0.858277
0.090207
0.070113
0.050798
1.430849
0.383995
0.086645
0.371425
0.084359
1.051837
0.365674
0.202607
0.583441
0.034847
0.474361
0.027773
0.020236
0.125546
0.411766
0.158363
0.031594
0.350607
0.060563
1.871726
0.337652
1.455778
0.493665
0.421952
0.015099
0.184848
0.333749
0.948765
0.321352
0.480969
1.465592
0.269750
0.083561
0.055897
1.416839
0.184922
2.060298
0.308041
0.514062
0.558026
0.374609
0.147244
0.648156
0.418426
0.324217
0.169545
0.911311
0.386495
0.784145
1.523263
0.361491
0.166059
1.141809
0.076650
0.957196
1.314372
0.299996
0.207438
0.752297
1.297240
1.578261
0.644690
0.209484
0.059015
0.886953
0.166674
0.272784
0.841263
0.680163
0.032435
0.333277
0.157826
0.191288
0.119755
0.908894
0.792454
0.347142
0.563528
0.202785
0.172773
0.495090
0.942267
0.427555
0.373881
2.314105
0.278725
0.302941
0.291171
0.728166
0.132177
0.228427
0.644288
1.571622
0.617220
0.902930
0.773674
2.445178
0.147961
0.459753
0.665722
0.192071
0.045953
0.003307
0.506486
0.178906
0.929613
0.282725
0.808141
0.367215
0.724720
0.049099
0.080502
0.475181
0.551754
0.562406
0.462699
0.050256
0.069455
0.023042
0.992200
0.224702
0.265314
0.442001
0.191986
0.064353
0.274559
0.056046
0.060095
0.567682
0.614341
0.945743
3.028787
0.792694
0.968083
0.503275
0.050423
0.601904
0.034363
1.137931
0.124341
0.891052
2.345496
0.230132
0.294497
0.538108
0.022587
0.024985
0.702725
0.095497
0.049236
0.480226
0.383778
0.352149
0.114175
0.964490
0.492166
0.492679
1.618792
0.672691
0.182202
0.551406
0.444231
0.180520
0.311060
0.293904
1.386868
0.409494
0.077980
0.001999
0.304784
0.226733
0.903047
0.296413
0.661118
0.164822
0.056223
0.751707
0.199912
0.986990
1.513021
0.275252
0.325405
0.334078
1.321733
0.573688
0.209314
0.405062
0.184971
0.180336
0.174606
0.476756
1.767743
1.074797
1.248477
0.284625
0.198692
0.966326
2.493453
0.319644
0.980298
0.298544
0.906727
0.593609
1.135662
0.422417
1.859697
0.001592
0.213857
0.182147
0.998562
0.177976
0.652181
0.209771
0.772859
0.535800
0.012753
0.068995
0.119596
0.203540
0.282539
0.354124
1.488200
0.257534
0.247937
1.007533
0.905747
0.634499
0.639932
0.885283
0.106113
0.435121
0.163802
0.014266
0.161538
0.096899
0.456274
0.145064
0.098831
1.464050
0.407257
0.022304
0.141179
0.168296
0.244109
0.016694
1.435346
0.265059
0.088207
0.084847
0.684961
0.449979
0.544684
0.593553
2.754868
0.028038
0.412295
0.893514
0.742328
0.166696
0.542808
1.671059
0.999984
1.420709
2.464524
0.075843
0.062687
0.447346
0.249262
0.176332
0.385844
1.495069
0.208375
0.765691
0.134279
0.649317
0.848044
0.098531
0.074575
1.915904
0.203937
1.078951
0.424016
3.253752
0.432953
0.419313
0.027249
0.075944
0.255612
0.875674
0.276193
0.032293
0.782945
0.170602
0.002105
0.765925
0.280908
0.065074
0.235107
0.864113
0.271692
1.220343
0.739469
0.713632
0.596454
0.003835
0.333867
0.360015
0.103205
0.491336
0.338236
0.368484
0.356801
0.032715
0.366927
0.046855
0.498521
0.425469
0.130922
0.015884
0.254951
0.531806
0.049255
0.105696
1.440125
0.051579
1.832744
0.233968
0.124263
0.215037
0.109145
0.509815
0.152203
1.724578
0.254835
1.598320
1.862101
1.087701
0.319674
0.088588
0.358851
1.661505
0.575698
0.011251
0.013835
0.113921
0.059225
0.536943
0.749698
0.209330
0.584933
0.096902
2.882705
0.764864
0.228425
1.412954
1.066091
0.208616
0.188768
0.053499
0.586676
0.357245
0.674969
1.529979
0.325797
0.075441
1.216409
0.303167
0.013423
0.242721
0.479888
0.386762
0.214262
0.178928
0.411477
0.235659
0.351170
0.558243
0.017370
0.165163
0.007376
0.643196
0.305776
0.005788
0.353765
0.869249
1.520939
0.245971
0.090370
0.155104
0.336706
0.969041
0.750886
0.131188
0.828082
0.147891
0.231676
0.638884
0.620154
0.253182
0.055978
0.198545
1.373912
0.302977
0.495174
0.343384
0.886765
0.071432
0.092786
0.999061
0.267593
0.101680
0.443542
1.027591
0.108783
0.050068
0.595604
0.079955
0.330676
0.988422
0.267633
1.822548
0.632064
0.106443
0.114492
0.373955
0.296924
0.428408
0.142500
0.086289
1.802359
0.218402
0.332993
1.197009
0.826037
0.060963
0.260049
0.508906
0.142452
0.427727
0.349608
0.542877
0.711324
0.047799
0.382089
1.544476
0.103177
0.130961
0.053921
0.554789
0.048214
0.363576
0.516669
0.828890
0.616302
0.944715
0.204799
0.084961
0.276110
0.438619
0.189005
0.253031
1.390083
0.807250
0.182550
0.685840
1.237253
0.621375
0.243014
0.089389
0.168661
1.094451
0.874529
0.023150
1.934731
0.223414
4.048799
0.090512
0.446745
0.053751
0.903600
0.573953
0.482009
0.327030
0.338773
0.198087
0.199427
0.880774
0.330224
0.699674
0.265762
0.800133
0.081481
0.215594
0.457105
0.304633
0.050785
0.361764
0.091757
0.328425
0.567646
0.302550
0.230603
0.351330
0.345800
0.214322
1.001535
0.345497
0.360972
0.304270
0.459206
0.215453
0.074572
0.123904
0.886421
0.498062
0.395492
0.086619
0.307088
0.015220
1.216941
1.024765
0.880533
0.032366
0.125172
0.278701
0.365872
0.191399
1.425971
0.580124
0.803639
0.485030
0.075744
0.092590
0.067151
0.510545
0.364546
2.341726
0.074668
0.016183
0.295844
0.672706
0.240575
0.439934
1.597805
0.119178
0.121580
0.352266
0.231924
0.561608
0.383549
0.166650
0.394798
0.226105
0.212420
0.729303
0.782914
1.001451
0.044683
0.660915
0.401089
1.081660
0.218704
0.589185
0.027811
0.326930
0.201747
0.424031
0.318118
0.318136
0.462670
1.246429
0.118055
2.117866
0.349069
0.092782
0.110080
0.633533
0.562002
0.420533
0.249704
0.118282
0.955927
1.399121
0.427181
0.110523
0.612977
0.227483
0.032737
0.785138
0.052060
0.477288
0.565159
0.301814
0.183540
0.656842
1.352588
0.509804
0.180433
0.258640
0.058268
1.185063
0.193705
0.193058
1.113099
0.867716
0.336352
0.046974
0.390464
0.089980
0.537087
1.367682
0.235292
0.357302
1.036581
1.495944
0.617102
0.434626
0.189415
0.739886
0.233203
0.267406
0.244969
0.025550
1.010194
0.593035
0.759316
0.806065
0.203116
0.043824
0.114328
0.293355
2.325506
0.372836
0.722289
1.070701
0.214823
0.146399
1.791014
1.109488
0.271093
0.497939
0.875527
0.789665
0.076118
0.603024
0.680692
0.949056
0.165195
0.030423
0.487038
0.530809
0.320517
0.004921
0.608565
0.208249
0.609333
0.331707
0.076101
0.019485
0.420623
0.212006
0.328954
0.409668
1.024624
0.141328
0.291506
0.124506
0.346622
0.267189
0.059228
1.254022
0.022795
1.391261
0.623195
0.102763
0.509078
0.304544
0.018296
1.263469
0.361994
0.537042
0.426894
2.229962
0.551588
0.162950
0.199556
0.233053
0.719918
0.317694
0.264478
0.201629
0.846013
1.116745
1.108828
0.580812
0.074869
0.202424
1.190010
0.509599
0.686961
0.009673
0.407870
0.783799
1.576516
0.157456
1.891298
0.453192
0.647862
0.006627
0.362953
0.138197
0.556695
0.047328
0.130632
0.207561
0.229779
0.409363
0.622920
0.070477
0.014857
0.065670
0.311187
0.932589
0.008027
0.218840
0.379808
0.084206
0.581398
0.289557
0.790205
0.284825
0.306951
0.216776
0.127918
0.268963
0.486357
0.113430
0.006066
0.214043
0.121759
0.375572
0.445471
1.093251
0.481807
0.856435
0.129018
2.168577
0.237938
1.404482
0.063007
0.262071
0.032436
0.435813
0.145891
0.041006
1.375972
0.769075
0.133113
0.488532
0.127334
0.014119
0.029801
0.575360
0.238728
0.166753
0.052477
0.000793
0.333311
0.059219
0.215261
0.606497
0.510640
1.403060
0.446269
0.149442
0.711922
0.851373
0.140705
0.074176
0.708480
0.226026
0.394620
0.858409
1.453928
0.801922
1.146827
1.066859
0.438655
0.071264
0.351789
0.827549
0.087581
0.413968
0.339147
0.388612
0.937492
0.448429
0.390339
0.202634
0.608435
1.111588
0.018279
0.210577
0.889806
0.492127
0.460734
0.446421
0.293583
0.939793
0.651681
0.112604
0.118510
0.160236
0.011130
0.085058
0.037939
1.269889
0.019389
0.535262
0.027731
0.391782
0.313771
0.120802
0.056179
1.592422
0.703151
1.527927
0.400106
0.176098
0.168520
0.146924
0.104492
0.194316
0.456051
0.010045
1.481142
0.111813
0.471316
0.249119
0.024455
0.206835
0.450762
0.149715
0.474632
0.478637
0.268235
0.579254
0.385207
0.301861
0.210201
0.447180
2.820748
0.828565
0.819339
0.054198
0.730358
0.411304
0.028627
0.191874
0.974462
0.209097
0.425845
0.023632
0.544998
0.094147
0.034168
0.473480
0.232619
0.564205
0.002245
0.272147
0.007676
0.456310
0.567390
0.494711
0.120776
0.049191
0.188624
0.696700
0.395850
0.535700
0.209960
0.391950
0.314416
0.080474
0.519378
0.133754
0.617869
0.604913
0.403059
0.418454
0.022245
0.067749
0.474817
0.614299
0.177158
0.568425
0.192375
0.554880
0.219737
0.195677
0.047216
0.231699
1.278018
0.731840
3.488487
0.073659
0.991393
0.187944
1.097987
0.263173
1.766661
0.131756
1.524765
0.287751
0.239272
0.456553
0.557818
0.046988
0.178677
0.127901
0.534499
0.210790
0.217260
0.157195
0.026325
0.526014
1.487348
0.231547
0.193665
0.181606
0.592944
0.264871
0.562611
0.479747
0.099140
0.561176
0.700995
0.021545
2.203472
0.514510
0.300207
1.592236
1.036905
0.258786
0.252238
0.146923
0.001381
0.035464
0.211029
0.180652
0.174195
0.000476
0.520960
0.520078
0.157847
0.599512
0.176464
0.124009
0.035843
0.481828
0.371396
0.721333
0.015099
0.111344
0.239515
0.117612
1.036221
0.072230
0.145030
0.989996
0.750636
0.607343
0.858872
0.526983
0.056713
0.122124
1.182534
0.058261
0.167861
0.144082
0.266554
0.432983
0.144718
0.031175
0.128063
0.369105
0.711389
0.370463
0.676789
0.880521
0.076478
0.154556
0.448045
0.094117
0.313247
1.795953
0.239976
0.207500
0.056564
0.501153
0.112566
1.077590
0.204861
0.011183
0.383467
0.292950
0.136446
0.291360
0.403028
0.371173
0.588801
1.699681
0.054550
1.434969
0.013712
0.199728
0.313052
0.770907
0.957447
0.115975
0.476143
2.599236
0.320198
0.115323
0.090794
1.393980
0.098271
0.396198
0.162943
0.168015
0.099353
0.326676
0.092873
0.363222
0.348396
0.610527
1.606564
0.674779
0.079324
0.359903
0.153704
0.912205
0.326731
0.229439
0.761595
0.353430
0.597544
0.142053
0.173233
0.399216
0.302868
1.187355
0.393115
1.310322
0.059920
0.619792
1.003830
0.172212
0.149026
0.077631
0.429919
0.288079
0.488433
0.685772
1.543057
0.066955
0.300162
1.227230
1.004866
0.455738
0.278647
0.069990
0.287022
1.187589
0.345208
0.123424
0.267057
0.109050
0.313731
0.613157
0.685055
1.265259
0.475424
0.171500
0.940709
0.648271
0.000429
0.624701
0.009029
0.149603
0.972922
0.451521
0.596253
0.327583
0.208478
0.526143
0.465671
0.785870
0.416149
0.319283
0.247464
2.426497
0.461374
0.877642
1.147294
0.053351
0.023484
0.187717
0.176315
0.358656
0.009916
0.022019
0.283098
0.501500
0.202816
0.164214
0.222946
0.203459
2.500533
0.237121
0.449342
0.949904
1.793308
0.170848
0.201021
0.187899
1.409182
1.382488
0.055787
0.351849
0.262947
0.342550
0.344023
0.005807
0.195118
0.252621
0.059817
0.230213
0.618331
0.263746
1.063990
0.653344
0.301653
0.187887
0.225106
0.771929
0.449701
0.640525
0.064341
0.441497
0.052623
0.625254
0.287113
0.037473
0.001540
0.730308
0.243444
1.435630
0.610270
0.337692
0.297666
0.060464
2.171369
1.459973
0.067023
0.185605
0.209810
0.136038
0.568292
0.026886
0.522234
0.410501
0.760798
0.053303
1.032773
0.077827
1.092692
0.314091
1.006449
0.004173
0.027173
1.695079
0.639981
0.336432
0.019632
0.645543
0.148975
0.275795
0.551914
1.642918
1.232583
0.062227
0.039788
1.161417
0.032581
0.112787
0.119196
0.260260
0.290040
1.109087
0.306374
0.046204
0.300012
0.137071
0.104983
0.196116
0.242190
0.040038
0.782450
0.144054
0.044560
0.928266
0.122067
0.823095
0.202889
0.147265
0.379905
0.447268
0.568290
0.111976
0.403487
0.450813
0.191119
0.497513
0.342684
0.239624
0.892576
0.615845
0.772152
0.158984
0.457388
0.140307
0.223645
0.025960
0.331266
0.399287
0.235040
1.013907
0.493066
0.090724
0.063177
0.622828
0.004886
0.204220
0.366428
0.210239
0.446327
0.026548
1.362620
0.157025
0.145414
0.334972
0.996114
0.422012
0.063093
0.222913
1.505673
1.505702
0.035160
0.668398
0.126255
0.550255
2.008516
0.438287
0.632736
0.314101
0.071833
0.048774
0.203854
0.715242
0.149797
0.302132
0.320329
0.156402
0.777564
2.447754
0.473211
0.238430
0.022619
0.395206
0.523183
0.175905
0.017609
0.359127
1.007236
0.083118
1.028259
0.850184
0.054869
1.406763
0.404501
0.198067
0.467362
0.384681
1.208872
0.196669
0.001573
0.022865
0.270764
0.206221
0.818681
0.565086
0.783890
0.163255
1.455959
0.434143
0.158097
0.407659
1.604468
0.189396
0.054820
0.468743
0.473244
0.074510
0.064364
0.325531
0.172376
2.472966
0.175411
0.251706
1.350745
0.950529
0.641182
0.388482
0.244925
0.501874
1.002725
0.247495
0.566909
0.166718
0.651696
0.330539
1.616546
0.366863
0.718306
1.183259
0.052799
0.016960
0.311526
0.030839
0.214364
0.419131
0.551616
1.616510
0.612066
0.777922
0.289079
3.014238
0.761347
0.663940
0.249717
0.627232
0.440402
0.061505
0.147167
1.802858
0.691635
0.064128
0.225693
0.278819
0.258685
0.048060
1.210382
0.226655
0.472769
0.559532
0.157816
0.621951
0.613391
0.662819
0.738234
0.028512
0.179700
0.289695
0.008060
0.003962
0.129870
0.303540
0.002749
0.005341
0.105373
0.254255
0.646214
0.747100
0.361139
1.965305
0.689965
0.152989
0.053092
0.059200
0.587269
0.351250
0.113641
0.460884
1.016787
0.843250
0.161205
0.075298
0.373882
2.018922
1.036419
0.177006
0.019263
0.096839
0.669501
0.027642
0.101652
1.700219
0.355495
0.105023
1.891963
0.600096
0.443442
0.606445
0.321641
0.054025
0.574477
0.126054
0.227865
0.765711
0.203607
0.029373
0.170138
0.385881
0.538287
0.085726
0.217423
1.365442
0.176458
1.056858
1.245681
0.094091
0.097609
1.550499
0.213559
1.233951
0.004409
0.379197
1.068023
0.364513
0.638335
0.980014
0.121983
0.184878
0.412550
0.587078
0.265102
0.140413
1.225309
0.751482
0.014515
0.142681
0.899647
0.190659
0.771029
0.340435
0.321796
0.074653
0.279887
0.739123
0.009034
0.212220
1.436746
0.108613
0.178952
0.172029
0.058542
0.185270
0.864939
2.437706
0.877985
0.392334
0.953631
0.022366
0.958071
0.266640
0.663383
0.153494
0.536711
0.522667
0.021387
0.580418
1.134977
1.045580
0.001911
0.574021
0.231240
0.325440
0.861409
0.802079
0.144091
0.914246
0.078213
0.107758
0.017604
0.294994
0.331781
0.078377
0.703872
0.183853
0.073933
0.436814
0.953279
2.253428
0.492166
0.609095
0.257324
0.223907
1.730101
0.031179
0.004723
0.005252
0.687635
1.182685
1.089762
0.695239
0.444372
0.148654
0.130330
0.264042
0.028881
0.326802
0.143581
0.112154
0.559979
0.167182
0.520074
0.086399
0.280438
0.257001
0.314028
0.418214
2.082442
0.191202
0.405641
0.471804
0.011131
1.585058
1.783438
2.333150
0.009313
1.985842
0.000521
0.725540
1.091264
1.094387
0.363587
0.323200
0.078403
0.685572
1.087263
0.112357
0.128102
0.073061
0.257239
1.149905
0.272497
0.025007
0.030095
0.946718
0.299544
0.371996
0.269091
0.285603
0.924380
1.786044
0.023512
0.999703
1.328946
0.008925
0.966122
1.481714
3.383907
0.969730
0.625954
1.086189
0.681610
0.131182
0.224838
1.100440
1.885081
0.142844
0.047458
0.113430
0.242621
0.339363
0.054177
0.816370
0.389921
0.087834
0.530735
2.427397
0.579007
0.036417
0.278753
0.375874
0.021530
0.320563
0.249648
1.788690
0.337646
0.142655
1.265431
0.336517
0.055152
0.503178
0.235751
0.943923
1.002054
0.669898
0.669508
0.923122
2.156417
0.881430
0.023094
0.231857
0.193702
0.079983
0.096588
0.992812
0.184758
0.885144
0.965214
2.631649
1.151093
0.165837
0.370413
1.424581
0.704433
1.240391
1.227625
0.141561
0.089888
0.899597
0.666687
0.156657
0.316515
0.059588
0.062545
0.203412
0.950061
0.967165
0.097041
0.907169
0.575889
0.125224
0.116667
0.002561
0.230522
0.242070
1.011773
0.567079
0.120075
0.641378
0.559095
0.060209
0.002510
0.109332
0.028580
0.714783
0.059804
1.748554
0.003592
0.162362
0.815543
0.680454
0.395108
0.159622
0.968696
0.545077
0.467661
0.612719
0.366271
0.766123
0.392001
0.113601
0.002757
0.696227
0.116817
0.234901
0.072691
0.039610
0.027323
0.214468
0.801955
0.647879
0.310179
0.814562
1.280149
0.364703
0.415614
0.018047
0.334247
0.423901
0.187508
0.172517
0.189326
0.979410
0.416326
0.093850
0.369921
0.094761
1.049855
0.021519
1.568600
0.273168
0.140760
1.636321
0.094654
0.302306
0.205466
0.183924
0.377380
0.247270
0.534394
0.199320
0.061908
0.063249
0.071166
0.019982
0.506165
0.597262
0.038778
0.066279
0.156532
0.244979
0.268886
0.438550
0.141396
1.983152
0.703555
0.732958
0.083442
0.500731
0.833687
0.058435
0.027540
0.029144
0.037573
0.128130
0.357018
0.263274
0.381609
0.020521
0.803490
0.105615
0.230209
1.238264
0.184978
0.348223
1.552121
1.458127
0.110821
0.015110
0.036292
0.315175
0.269883
0.332731
0.026494
0.544486
0.314636
0.821906
0.283320
0.484744
0.289388
0.139744
0.656562
0.339629
0.178660
0.813326
0.634819
0.832441
0.119619
0.145780
0.951902
0.006178
0.292878
0.124217
1.317259
0.698275
0.639394
1.074451
0.599351
1.265520
1.221815
0.731430
0.245527
0.200440
0.146777
0.289576
2.534217
0.639009
0.141436
0.277806
0.209377
0.578863
0.554496
0.037985
0.098499
1.762700
1.046036
1.140775
0.760135
0.046794
0.081717
0.500307
0.053583
0.450815
0.956372
0.015162
0.212816
0.426600
1.222404
0.023052
0.340980
0.875536
0.839620
1.070204
0.085206
0.035144
0.194318
0.081489
0.778627
0.420132
0.429800
0.070448
0.146652
0.141697
0.114440
0.283708
0.122527
0.042313
0.200900
3.316714
0.093458
0.328565
0.498521
0.158802
0.039389
0.330201
0.179753
0.274435
0.029507
0.121186
0.315044
0.401126
0.021270
0.164905
0.284646
0.110529
0.214480
0.705486
0.214408
0.074308
0.196149
1.297733
0.157027
0.432207
0.094471
0.321319
0.005891
0.246741
0.405111
0.209730
0.245665
0.646817
0.869379
0.009703
3.068135
1.151376
0.349155
0.178206
0.194610
0.410356
0.361857
0.780015
0.059146
0.406755
0.036721
0.394430
0.703311
0.272040
0.179576
0.054768
0.407911
0.492055
0.014786
0.877941
0.114662
0.112389
0.179297
0.122083
0.446787
0.970997
0.409628
1.931548
0.436508
0.241850
3.164333
0.433925
0.166702
0.347364
1.059976
0.465618
0.031295
0.251276
0.251928
0.094513
1.515318
0.314254
0.632697
0.613358
1.086821
0.009899
0.831674
0.293459
0.518992
0.915156
0.158183
0.951105
0.020902
0.424957
0.034892
0.499499
0.280297
0.492613
0.471765
0.005753
0.005100
0.469478
0.447738
0.173834
0.058129
0.318903
1.149297
0.093422
1.007069
0.175065
0.209778
0.852643
0.717779
0.031221
0.372247
0.522424
0.041765
0.204377
0.048375
0.647255
0.096282
0.225826
0.429872
0.121737
1.374220
0.516600
0.941452
0.227146
0.157889
0.306799
0.236238
0.164895
0.034978
1.723052
0.427354
0.097594
0.289624
0.321410
0.213661
0.182818
0.733961
0.586248
0.066494
0.379231
0.695030
0.524268
0.099145
0.889153
2.102252
0.158786
0.407142
0.087314
0.504628
0.071804
0.236068
0.423711
0.752329
0.126919
1.379027
0.024955
0.574086
0.187804
0.199949
0.693847
0.165127
1.172765
1.313254
0.638162
0.237726
0.161078
0.013780
0.080080
1.688092
0.082265
0.569102
0.630734
0.807874
0.981185
0.396858
0.771661
0.070529
0.055400
1.464598
0.728510
0.136335
0.194961
0.206662
0.008350
0.396013
0.160887
0.033737
0.130590
0.443688
0.251147
1.961226
1.018284
0.177668
1.192314
0.446364
0.565762
0.101237
0.480706
0.872774
0.080739
0.733438
0.351656
1.004498
0.422699
0.226697
0.266975
0.220761
0.342682
0.365525
0.180846
0.152695
0.707866
0.492277
0.460295
0.743200
0.095258
1.047190
0.913369
0.258192
0.312856
0.133235
0.241875
0.203716
0.380695
0.172239
1.295844
0.118141
0.321895
0.391266
0.018276
0.488840
0.187062
0.389298
0.336372
1.071604
1.179483
1.168633
0.136998
0.256727
0.274096
0.391720
0.546423
0.098773
0.092901
0.154933
1.529575
0.210058
0.077339
0.785432
0.685910
0.468792
0.013201
0.069567
1.432972
0.409400
0.273484
1.013148
0.733712
1.131687
0.264606
0.818339
0.366795
0.641940
0.212572
0.004779
0.465399
0.145047
1.220466
0.933542
0.529766
0.203928
0.245997
0.191451
0.360962
0.408399
0.439227
0.314857
1.157255
0.650763
0.150141
0.521410
0.204971
0.168049
0.751255
0.163823
0.930509
0.110777
0.079825
0.475917
0.049761
0.408777
0.271796
0.476668
0.165315
0.725504
0.489161
1.091469
0.008813
0.384991
0.659722
0.555627
1.027491
0.064662
2.253773
0.243952
0.568884
0.426130
0.959835
0.434527
0.179363
0.059806
0.129510
0.507703
0.253900
0.002819
1.245218
0.138977
0.114298
0.033436
0.971181
0.177680
0.487986
0.161466
1.224535
1.175379
0.021267
0.385754
0.785092
0.030467
0.038799
0.371914
0.654609
1.464678
0.519257
0.634599
0.202226
0.196881
0.173004
0.102899
1.182964
0.450611
0.177436
0.072126
0.131769
0.596878
0.075384
0.080553
1.403274
0.211028
0.120070
0.795362
0.515544
0.905952
0.037469
0.407101
0.676159
0.060429
0.049740
0.381091
0.094949
0.092777
0.029908
1.166133
0.061606
0.608837
0.486256
0.297631
0.015007
1.228808
0.503358
1.372145
0.354931
1.353928
0.036305
0.673458
0.497450
0.117854
1.098018
0.421783
0.404044
0.053926
0.227891
0.110119
1.397593
0.288346
0.702594
0.570118
0.401579
0.946469
0.120151
0.645571
0.009452
0.158502
0.494388
0.072311
1.859769
0.143732
0.437614
0.002669
0.089681
0.122833
1.415357
0.558110
0.081928
0.005564
0.265892
0.760201
0.124907
0.179196
0.216317
0.746595
0.258288
0.631597
1.806278
0.209531
0.084503
0.650419
0.011426
0.614790
0.430272
0.134727
0.283370
0.452916
0.354512
0.031255
0.655493
0.330467
0.185845
0.188205
0.335648
0.321825
0.379104
0.281045
0.079565
0.573845
0.290847
0.409988
0.311817
0.542508
0.985774
0.844265
0.287636
0.153398
0.380135
0.264211
0.466383
0.582306
0.074344
0.495951
0.251711
0.628037
1.002474
0.880623
0.186275
0.233571
1.098057
